*Frequency 	VM1-abs (dB)	VM1-phase (deg)
0.001	-57.6798294259584	-97.9973782631807
0.00102093948370768	-57.509905597808	-97.8509549915022
0.0010423174293933	-57.3396103933738	-97.7067830470197
0.00106414301822432	-57.1689562780119	-97.5648667983967
0.00108642562361707	-56.9979557258558	-97.4251698544725
0.0011091748152624	-56.8266185793281	-97.287767912062
0.00113240036323556	-56.6549585753128	-97.1525595249168
0.0011561122421921	-56.4829857184916	-97.0195592490152
0.00118032063565173	-56.3107106826004	-96.8888047028286
0.0012050359403718	-56.1381445104712	-96.760206102709
0.00123026877081238	-55.9652969862587	-96.6338147873597
0.00125602996369487	-55.7921779046159	-96.5096021781042
0.00128233058265602	-55.6187974984795	-96.3875125101987
0.00130918192299941	-55.4451637799672	-96.2676007674649
0.00133659551654644	-55.2712867908743	-96.1498213494635
0.00136458313658892	-55.0971752997351	-96.0341342975544
0.0013931568029453	-54.922837670716	-95.9205012901724
0.00142232878712282	-54.7482816484085	-95.808985041659
0.00145211161758774	-54.5735153613127	-95.6994941871476
0.00148251808514595	-54.3985470566433	-95.5920207500999
0.00151356124843621	-54.2233837453397	-95.4865496636525
0.00154525443953841	-54.0480324932524	-95.383069649898
0.00157761126969935	-53.8725009036313	-95.2815232821466
0.00161064563517827	-53.6967946704655	-95.1819595318224
0.00164437172321493	-53.520921187266	-95.0842668943837
0.00167880401812256	-53.3448866438325	-94.9884671571937
0.00171395730750843	-53.168696391459	-94.8945477509591
0.00174984668862466	-52.9923576087323	-94.8024336814519
0.00178648757485205	-52.8158747342632	-94.7121616432143
0.00182389570231964	-52.6392537889391	-94.6236710267953
0.00186208713666287	-52.4625000813813	-94.5369314932955
0.0019010782799233	-52.2856182346473	-94.451952047221
0.00194088587759278	-52.1086133872089	-94.3686772407508
0.0019815270258051	-51.9314900885957	-94.2870997770242
0.00202301917867827	-51.7542533512237	-94.2072009426151
0.00206538015581053	-51.5769073279183	-94.1289313243233
0.00210862814993329	-51.3994562294864	-94.0522997055923
0.00215278173472437	-51.2219037673855	-93.9772552803172
0.00219785987278482	-51.0442547732064	-93.9037841243867
0.00224388192378277	-50.8665119686916	-93.8318586187121
0.00229086765276777	-50.6886798166404	-93.7614581867628
0.00233883723865935	-50.5107613411379	-93.6925579841577
0.00238781128291318	-50.3327600912804	-93.625146133874
0.00243781081836875	-50.1546792004611	-93.559200838429
0.00248885731828239	-49.9765218700962	-93.4946708342372
0.0025409727055493	-49.7982913248256	-93.4315405568
0.00259417936211881	-49.6199898796893	-93.3698207692697
0.0026485001386067	-49.4416209444489	-93.3094665243432
0.00270395836410884	-49.2631868714367	-93.250459475118
0.00276057785622035	-49.0846903463714	-93.192774133484
0.00281838293126445	-48.9061335468511	-93.1364148338526
0.00287739841473567	-48.7275193681239	-93.0813187477958
0.00293764965196153	-48.5488496223291	-93.0274971916353
0.00299916251898765	-48.3701266888161	-92.9749082616378
0.00306196343369068	-48.1913529432022	-92.9235699735047
0.00312607936712395	-48.0125298171681	-92.8734291900115
0.00319153785510076	-47.8336600627566	-92.8244658655184
0.00325836701002009	-47.6547446484827	-92.7766909127775
0.00332659553294004	-47.4757862730538	-92.7300509808579
0.00339625272590408	-47.2967862646619	-92.6845561264969
0.00346736850452532	-47.1177459431837	-92.6401851824991
0.00353997341083435	-46.9386674674638	-92.5969050435815
0.00361409862639613	-46.7595520564412	-92.5547169093099
0.0036897759857015	-46.5804017399348	-92.513585982639
0.00376703798983909	-46.4012168825202	-92.4735142668924
0.00384591782045354	-46.221999876234	-92.4344773735059
0.003926449353996	-46.042751547934	-92.3964584216737
0.00400866717627303	-45.8634733582486	-92.3594470666838
0.00409260659730011	-45.6841664660096	-92.3234315174628
0.00417830366646622	-45.5048318759683	-92.2883895320967
0.00426579518801593	-45.3254709704742	-92.2543090622294
0.00435511873685569	-45.1460845629029	-92.221188543503
0.00444631267469109	-44.966673863022	-92.1889971939086
0.00453941616650203	-44.7872398548128	-92.1577309301147
0.00463446919736288	-44.6077832829998	-92.1273707030525
0.0047315125896148	-44.4283052887342	-92.0979290757201
0.00483058802039773	-44.2488069124995	-92.0693597248833
0.00493173803954936	-44.0692887670409	-92.0416659289415
0.00503500608787905	-43.8897515603542	-92.014846829615
0.00514043651582426	-43.7101964241025	-91.9888753568225
0.00524807460249773	-43.5306236771223	-91.9637492712181
0.00535796657513342	-43.3510345907705	-91.9394553422678
0.00547015962893972	-43.1714294040782	-91.9159947529253
0.00558470194736831	-42.9918089881624	-91.8933341754081
0.00570164272280747	-42.8121739979134	-91.8714887529571
0.00582103217770871	-42.6325247591725	-91.8504362674258
0.00594292158615572	-42.4528623438809	-91.8301603946799
0.00606736329588505	-42.2731870554404	-91.8106799695857
0.00619441075076781	-42.0934993417148	-91.7919717001779
0.0063241185137622	-41.9138000748167	-91.7740138001534
0.00645654229034655	-41.7340894343742	-91.7568178111743
0.00659173895244321	-41.5543681255716	-91.740372978398
0.00672976656284318	-41.3746364051836	-91.7246731643874
0.00687068440014232	-41.1948950765115	-91.7096996233156
0.00701455298419971	-41.0151442542621	-91.6954721677057
0.00716143410212902	-40.8353846108726	-91.6819565187868
0.00731139083483417	-40.6556163666817	-91.6691606743066
0.00746448758410066	-40.4758400468421	-91.6570799214867
0.00762079010025412	-40.296055740939	-91.6457087036963
0.00778036551039804	-40.11626427158	-91.6350397939982
0.00794328234724282	-39.9364655728201	-91.625071303603
0.00810961057853841	-39.7566604113196	-91.6157911544316
0.00827942163712334	-39.5768488358383	-91.6072123456427
0.0084527884516029	-39.3970311672079	-91.599312506375
0.0086297854776697	-39.2172077437246	-91.5921003043801
0.00881048873008014	-39.0373790840442	-91.5855708564525
0.00899497581530035	-38.8575452288503	-91.5797184779442
0.00918332596483581	-38.6777064737207	-91.5745451082703
0.0093756200692588	-38.497863249937	-91.570042172423
0.00957194071294844	-38.3180156434093	-91.5662133686921
0.0097723722095581	-38.1381640749112	-91.5630583482921
0.00997700063822553	-37.9583085422531	-91.5605705547431
0.0101859138805412	-37.7784496645789	-91.5587513254726
0.0103992016582906	-37.5985875019854	-91.5575972538517
0.0106169555719872	-37.4187222368586	-91.5571184215559
0.010839269140212	-37.2388541185567	-91.5573027958525
0.0110662378397767	-37.0589834695772	-91.5581532239563
0.011297959146728	-36.8791105248064	-91.5596739351714
0.0115345325782109	-36.6992351244735	-91.5618613832703
0.0117760597352081	-36.5193581511475	-91.5647190292687
0.0120226443461741	-36.3394792692624	-91.5682505571201
0.0122743923115841	-36.1595989377824	-91.5724506879799
0.0125314117494142	-35.9797171656207	-91.5773231929956
0.0127938130415752	-35.799834269156	-91.5828772360495
0.0130617088813184	-35.6199504601588	-91.5891084142191
0.0133352143216332	-35.4400661146507	-91.5960193148033
0.0136144468246595	-35.2601812239073	-91.6036176136004
0.0138995263121335	-35.0802958969664	-91.6119025500516
0.0141905752168909	-34.9004104095639	-91.6208782325193
0.0144877185354476	-34.720525230013	-91.6305507777509
0.0147910838816821	-34.5406401753379	-91.6409201699332
0.0151008015416415	-34.3607554830221	-91.6519985639346
0.0154170045294956	-34.1808715171313	-91.6637796919242
0.0157398286446622	-34.0009885983444	-91.6762751216787
0.0160694125301288	-33.8211065502999	-91.6894903169722
0.0164058977319954	-33.6412257080184	-91.7034315124522
0.0167494287602644	-33.4613466982547	-91.7181060105123
0.0171001531509029	-33.2814690158568	-91.733509875049
0.017458221529205	-33.101593342997	-91.7496639696479
0.0178237876744809	-32.9217197874751	-91.7665647842836
0.0181970085860998	-32.7418486239106	-91.7842266099323
0.018578044550917	-32.5619798355874	-91.80265032415
0.0189670592121115	-32.3821138969023	-91.8218499401816
0.0193642196394661	-32.2022509699979	-91.8418284825493
0.0197696964011186	-32.0223911926955	-91.8625980083601
0.0201836636368156	-31.8425349466499	-91.8841667132669
0.0206062991327	-31.6626824581895	-91.9065419624187
0.0210377843976647	-31.4828339937478	-91.929734301228
0.0214783047413053	-31.3029896135782	-91.953756030832
0.0219280493535045	-31.1231497971183	-91.9786143056873
0.0223872113856834	-30.9433147279183	-92.0043206701161
0.0228559880337543	-30.7634846837084	-92.0308878874177
0.02333458062281	-30.5836601175675	-92.0583254611171
0.0238231946935869	-30.4038411678991	-92.0866438449526
0.0243220400907382	-30.2240281143194	-92.1158574540721
0.0248313310529557	-30.0442213569549	-92.1459757395789
0.0253512863049791	-29.8644212895667	-92.1770150641677
0.0258821291515309	-29.6846280876262	-92.208986514084
0.0264240875732195	-29.5048421883037	-92.2419034726506
0.0269773943244492	-29.3250639839736	-92.2757837722653
0.0275422870333817	-29.1452938027507	-92.3106360111485
0.0281190083039894	-28.9655321822864	-92.3464790651368
0.0287078058202469	-28.785779290501	-92.3833262863819
0.0293089324525032	-28.6060358198853	-92.4211929034719
0.0299226463660819	-28.4263019606337	-92.4600972631076
0.0305492111321551	-28.2465782221917	-92.5000545709115
0.0311888958409394	-28.0668652287534	-92.5410812014769
0.0318419752172612	-27.8871633531404	-92.5831947331555
0.0325087297385434	-27.7074730435675	-92.6264133003722
0.033189445755261	-27.5277949856547	-92.6707572724663
0.0338844156139202	-27.3481296204219	-92.7162402155849
0.0345939377826122	-27.1684776715026	-92.7628875464204
0.0353183169791957	-26.9888394643422	-92.810713523909
0.0360578643021642	-26.8092158964984	-92.8597407694696
0.0368128973642531	-26.6296074391775	-92.9099915686247
0.0375837404288444	-26.4500146544646	-92.9614854052433
0.0383707245492279	-26.2704385759702	-93.0142422626641
0.0391741877107783	-26.0908796135141	-93.0682877044371
0.0399944749761098	-25.9113387469241	-93.1236428595856
0.0408319386332692	-25.7318165643611	-93.1803294381168
0.0416869383470335	-25.5523140685078	-93.2383739746332
0.0425598413133743	-25.372832032848	-93.2977993565046
0.0434510224171571	-25.193371153956	-93.3586306002994
0.0443608643931432	-25.0139326367018	-93.4208938691622
0.0452897579903621	-24.8345173041758	-93.4846144373006
0.046238102139926	-24.655126151574	-93.5498184606135
0.047206304126359	-24.4757601704284	-93.6165351005166
0.0481947797625127	-24.2964204605393	-93.6847903706646
0.0492039535681451	-24.117108269357	-93.7546131230779
0.0502342589522387	-23.9378246478541	-93.8260328800987
0.0512861383991365	-23.7585709503779	-93.8990788877038
0.052360043658575	-23.5793482061034	-93.9737813820673
0.0534564359396972	-23.4001578910343	-94.0501716544157
0.0545757861091271	-23.2210013277343	-94.1282803385518
0.0557185748931929	-23.0418798701973	-94.2081421935212
0.0568852930843841	-22.8627952714117	-94.2897866286373
0.0580764417521312	-22.6837487547654	-94.3732496931507
0.059292532458	-22.5047422855522	-94.4585652440119
0.0605340874753913	-22.32577715654	-94.545767720097
0.0618016400138416	-22.1468553040885	-94.6348938597006
0.0630957344480193	-21.9679785569845	-94.725978236798
0.0644169265515177	-21.7891488844376	-94.8190598906273
0.065765783735542	-21.6103680537126	-94.914175291611
0.0671428852925953	-21.4316383831314	-95.0113643615263
0.0685488226452662	-21.2529617454647	-95.1106649129043
0.0699841996002273	-21.0743404077498	-95.2121182623879
0.0714496326075513	-20.8957769315396	-95.3157651400025
0.0729457510254568	-20.7172734614957	-95.4216464760781
0.0744731973905989	-20.538832582392	-95.5298056784243
0.0760326276940182	-20.3604569905157	-95.6402851767546
0.0776247116628691	-20.1821492345874	-95.7531293417623
0.0792501330480472	-20.0039122494853	-95.8683828874923
0.0809095899178382	-19.8257489582373	-95.9860904731348
0.0826037949577178	-19.6476624387048	-96.1063003338695
0.0843334757764276	-19.4696558501956	-96.2290591161128
0.08609937521846	-19.291732490435	-96.3544144821943
0.0879022516830884	-19.1138958709418	-96.4824152069342
0.0897428794500748	-18.9361494630719	-96.6131108646778
0.0916220490122	-18.7584971653951	-96.7465530749133
0.0935405674147552	-18.5809426122454	-96.8827916029288
0.0954992586021436	-18.403490052922	-97.021879745312
0.0974989637717387	-18.2261436576956	-97.1638701155981
0.0995405417351527	-18.0489075637815	-97.3088169345374
0.101624869287069	-17.8717865999016	-97.4567741094672
0.103752841581801	-17.6947853430169	-97.6077983098865
0.105925372517729	-17.5179086436918	-97.7619446283513
0.108143395129794	-17.3411616985709	-97.9192707697918
0.110407861990207	-17.1645496848597	-98.079834739849
0.112719745617551	-16.9880782349045	-98.2436949003124
0.115080038894444	-16.8117529200727	-98.4109110558168
0.117489755493953	-16.6355796989846	-98.5815435116133
0.119949930314938	-16.4595647718481	-98.7556530504755
0.122461619926505	-16.2837145123957	-98.9333015103358
0.125025903021772	-16.1080357357261	-99.1145521122671
0.127643880881134	-15.9325349726562	-99.2994665673423
0.13031667784523	-15.7572199050403	-99.4881099697222
0.133045441797809	-15.5820972760056	-99.680546359593
0.135831344658715	-15.4071753748948	-99.8768413942221
0.138675582887189	-15.2324620845876	-100.077060431637
0.141579377995708	-15.0579654457933	-100.281269999875
0.144543977074593	-14.8836943699275	-100.48953715599
0.147570653327589	-14.7096576051553	-100.701928446858
0.150660706618674	-14.5358643933647	-100.918512683001
0.153815464030303	-14.3623243985886	-101.139357245461
0.157036280433355	-14.1890475441604	-101.364531842733
0.160324539069004	-14.0160441359986	-101.594104480139
0.163681652142781	-13.8433246839088	-101.828144454362
0.167109061431071	-13.6709004181986	-102.066721130167
0.170608238900312	-13.4987826514064	-102.309903856507
0.174180687339161	-13.326983201368	-102.557762482676
0.177827941003892	-13.1555142400272	-102.810365739331
0.181551566277314	-12.984388495174	-103.067783938187
0.185353162341481	-12.8136189340409	-103.330085232763
0.189234361864497	-12.6432192595303	-103.597339359116
0.193196831701692	-12.4732032055256	-103.869614103884
0.197242273611485	-12.3035852113108	-104.146977864215
0.201372424986239	-12.1343803470267	-104.42949809063
0.205589059598414	-11.9656036418704	-104.717240805771
0.209893988362352	-11.7972711053596	-105.010273375998
0.214289060112006	-11.6293990201599	-105.308659369646
0.218776162394955	-11.462004381997	-105.612463145038
0.223357222283053	-11.2951039887767	-105.921747360306
0.228034207200042	-11.1287162582477	-106.236573399256
0.232809125766501	-10.9628591565962	-106.557000839703
0.237684028662487	-10.7975517258373	-106.883088179549
0.242661009508241	-10.6328132334002	-107.214891490072
0.247742205763328	-10.4686638072659	-107.552464802553
0.252929799644615	-10.3051236309979	-107.895861078209
0.258226019063459	-10.1422139482903	-108.245129190921
0.263633138582538	-9.97995611511335	-108.6003168012
0.269153480392691	-9.81837223266871	-108.961467954627
0.274789415310239	-9.65748513067505	-109.328625278694
0.280543363795171	-9.49731745004332	-109.701825871267
0.286417796990658	-9.33789312000977	-110.081105764392
0.292415237784334	-9.17923631115821	-110.46649543048
0.298538261891796	-9.02137149125341	-110.858023285607
0.304789498962798	-8.86432402881141	-111.255712911718
0.311171633710602	-8.70811948535641	-111.659583107411
0.317687407064977	-8.55278378523902	-112.069649800423
0.324339617349349	-8.39834367644736	-112.485922572576
0.331131121482591	-8.24482598250192	-112.908407071542
0.338064836205982	-8.09225825964649	-113.337102507049
0.345143739335856	-7.94066799808779	-113.772004880202
0.352370871042487	-7.7900836398325	-114.213101347968
0.359749335155742	-7.64053330255825	-114.66037772593
0.367282300498085	-7.49204607906902	-115.113808791282
0.374973002245483	-7.34465072833711	-115.573367282889
0.382824743316823	-7.19837665683296	-116.039015429427
0.390840895792401	-7.05325316396788	-116.510713222594
0.399024902362142	-6.9093099829995	-116.988409517194
0.407380277804113	-6.76657668756202	-117.472048567757
0.415910610494022	-6.62508298218411	-117.961566857084
0.424619563946313	-6.48485876986372	-118.456892710664
0.433510878387529	-6.34593348266228	-118.957948507103
0.442588372362626	-6.20833705049867	-119.464647279473
0.451855944374922	-6.07209867585115	-119.976894852574
0.461317574560379	-5.93724773595728	-120.494589526008
0.470977326396952	-5.80381315469255	-121.017620748011
0.480839348449728	-5.67182337562996	-121.545871795638
0.490907876152603	-5.54130675321393	-122.079215198261
0.501187233627272	-5.41229113868571	-122.61751760538
0.511681835540307	-5.28480350433408	-123.160637511985
0.52239618899912	-5.1588705390954	-123.708424633606
0.53333489548762	-5.03451831106604	-124.26072132466
0.544502652842421	-4.91177194546743	-124.817362193952
0.555904257270404	-4.79065575380136	-125.378173925318
0.567544605408547	-4.67119335746602	-125.942977163148
0.579428696426881	-4.55340728369041	-126.511582978549
0.591561634175474	-4.43731914016007	-127.083798102139
0.60394862937638	-4.32294954372955	-127.659420151486
0.616595001861482	-4.21031774398455	-128.238241917757
0.629506182857198	-4.09944207359711	-128.820050040419
0.642687717317019	-3.99033938253192	-129.404624549625
0.656145266302905	-3.88302550270705	-129.991741944486
0.669884609416526	-3.77751470236653	-130.581170657337
0.683911647281429	-3.6738197110619	-131.172678359555
0.698232404077171	-3.57195223487581	-131.766025803453
0.712853030126519	-3.47192224846877	-132.360971864562
0.727779804536823	-3.3737383490846	-132.957270712023
0.743019137896701	-3.27740727533229	-133.554675407097
0.758577575029183	-3.18293465818038	-134.152936914578
0.774461797802518	-3.09032421511483	-134.751803579416
0.790678627999825	-2.99957834393372	-135.351023294602
0.807235030248838	-2.91069758493996	-135.950343800597
0.824138115013001	-2.82368101396954	-136.549513545282
0.841395141645195	-2.73852602229022	-137.148280478476
0.859013521505396	-2.65522857338216	-137.746392748893
0.877000821143634	-2.57378288419205	-138.343602633702
0.895364765549594	-2.49418177061592	-138.939664522064
0.91411324147025	-2.41641638422795	-139.534333222021
0.933254300796991	-2.34047635537732	-140.127368503381
0.952796164023651	-2.26635002258062	-140.718535897652
0.972747223776966	-2.19402412684372	-141.307600242924
0.993116048420933	-2.1234842614375	-141.894334561829
1.01391138573668	-2.05471422972975	-142.478517090652
1.03514216667934	-1.98769717782373	-143.059929970292
1.05681750921366	-1.92241448298224	-143.638362644134
1.07894672222983	-1.85884654082513	-144.21360988596
1.10153930954141	-1.79697255718387	-144.78547364161
1.12460497396693	-1.73677100934646	-145.353762085276
1.14815362149688	-1.6782187867248	-145.918291175703
1.17219536554813	-1.62129248225558	-146.478883698123
1.19674053130724	-1.56596747954676	-147.035370075632
1.22179966016487	-1.51221841734051	-147.587588878662
1.24738351424294	-1.46001927540281	-148.135385850984
1.27350308101666	-1.40934332905201	-148.678615230585
1.30016957803329	-1.36016327240336	-149.217139254432
1.32739445772974	-1.31245131611106	-149.750827848554
1.35518941235103	-1.26617914191926	-150.279559935455
1.38356637897178	-1.22131814090069	-150.803221427523
1.41253754462275	-1.1778392915804	-151.321707377181
1.44211535152487	-1.13571335948131	-151.834920302857
1.47231250243272	-1.09491089664315	-152.342770839002
1.50314196609002	-1.05540230167354	-152.845177636758
1.53461698279929	-1.01715789002214	-153.342067076846
1.56675107010815	-0.980147947318598	-153.833373143104
1.59955802861467	-0.94434276870013	-154.319037444004
1.63305194789433	-0.909712720596749	-154.799008882943
1.66724721255106	-0.876228275787555	-155.273243647644
1.70215850839495	-0.843860079673156	-155.741704702019
1.73780082874938	-0.812578948563598	-156.204362226845
1.77418948089017	-0.782355962142047	-156.661192619474
1.8113400926196	-0.753162457525095	-157.112178911914
1.84926861897808	-0.724970092859385	-157.557310087518
1.88799134909629	-0.697750849496357	-157.9965813133
1.92752491319093	-0.671477071376364	-158.429993550701
1.96788628970684	-0.646121508004669	-158.857553034269
2.00909281260873	-0.621657311992186	-159.279271477141
2.05116217882557	-0.598058085086331	-159.695165407538
2.09411245585089	-0.575297865566321	-160.105256497636
2.13796208950223	-0.553351183379049	-160.509570636203
2.182729911843	-0.532193037294768	-160.908138386523
2.2284351492703	-0.511798930067209	-161.300994345105
2.27509743077207	-0.492144878125525	-161.688176925219
2.3227367963571	-0.473207407448549	-162.069728395671
2.37137370566165	-0.454963573712207	-162.445694405051
2.42102904673618	-0.437390955677114	-162.816124021968
2.47172414501613	-0.420467671113272	-163.181069278322
2.52348077248057	-0.404172373195079	-163.540585095254
2.57632115700257	-0.388484246836792	-163.894729202952
2.63026799189538	-0.373383023906189	-164.24356160116
2.68534444565851	-0.358848957292311	-164.58714495373
2.74157417192788	-0.344862847681225	-164.925543726023
2.79898131963436	-0.331406012310743	-165.258824690641
2.85759054337494	-0.318460299509896	-165.587056313442
2.91742701400116	-0.306008075006798	-165.9103088155
2.97851642942919	-0.29403222802057	-166.228653709405
3.04088502567628	-0.282516145405514	-166.542164176927
3.10455958812835	-0.271443717047743	-166.850914611698
3.16956746304349	-0.2607993248743	-167.154980587989
3.23593656929628	-0.250567844746652	-167.45443844628
3.30369541036815	-0.240734618520972	-167.749365754465
3.37287308658868	-0.231285464952325	-168.039840616765
3.44349930763338	-0.22220665263165	-168.325942126959
3.51560440528298	-0.213484908655002	-168.607749711021
3.58921934645005	-0.205107397576532	-168.885343399617
3.66437574647833	-0.19706171502402	-169.158803643038
3.74110588272053	-0.189335875854476	-169.42821130816
3.81944270840046	-0.181918311614192	-169.693647345341
3.89941986676543	-0.174797847160674	-169.95519320914
3.98107170553497	-0.167963706882753	-170.212930208275
4.06443329165212	-0.161405493847318	-170.466939849004
4.14954042634363	-0.155113182738708	-170.717303684895
4.2364296604954	-0.149077112241081	-170.964103180648
4.32513831035009	-0.143287973624767	-171.207419734612
4.41570447353312	-0.137736799893041	-171.447334697136
4.5081670454146	-0.132414960002272	-171.683929175441
4.60256573581356	-0.127314147932936	-171.917284064893
4.69894108605216	-0.122426370951996	-172.14748014317
4.79733448636689	-0.117743944041504	-172.37459788903
4.89778819368446	-0.113259482383655	-172.598717385454
5.00034534976978	-0.108965888891944	-172.819918487202
5.10504999975406	-0.104856345264352	-173.038280844807
5.2119471110508	-0.100924309911586	-173.253883559797
5.32108259266793	-0.0971635031655519	-173.466805536256
5.43250331492433	-0.0935679052424081	-173.677125148681
5.5462571295791	-0.0901317436440506	-173.884920521875
5.66239289038254	-0.0868494900449203	-174.090269273087
5.78096047405718	-0.0837158487972214	-174.293248780354
5.90201080171844	-0.0807257555259314	-174.49393582618
6.02559586074357	-0.0778743647630933	-174.692406971539
6.15176872709867	-0.0751570492465762	-174.888738160958
6.28058358813318	-0.0725693885294548	-175.083005086392
6.41209576585161	-0.0701071649729258	-175.27528306138
6.54636174067275	-0.0677663605598874	-175.465646812752
6.68343917568614	-0.065543147068695	-175.654170824716
6.82338694141669	-0.0634338834993955	-175.840929128112
6.96626514110768	-0.0614351099731857	-176.025995391069
7.11213513653329	-0.0595435430888124	-176.209442910401
7.26105957435154	-0.0577560714339803	-176.391344605281
7.41310241300917	-0.0560697520319476	-176.571772926602
7.56832895020974	-0.0544818030350429	-176.750800202472
7.72680585095702	-0.052989603869878	-176.928498196929
7.88860117618554	-0.0515906881018545	-177.104938494986
8.05378441199065	-0.0502827415274605	-177.280192325956
8.22242649947071	-0.0490635982500837	-177.454330643153
8.39459986519397	-0.0479312381408391	-177.627424042798
8.5703784523037	-0.0468837828871931	-177.799542919129
8.74983775227435	-0.0459194938796617	-177.970757382452
8.93305483733294	-0.0450367689312034	-178.141137404213
9.12010839355909	-0.0442341413240978	-178.310752558627
9.31107875467831	-0.0435102758545043	-178.479672383703
9.50604793656282	-0.0428639681667985	-178.647966126051
9.70509967245488	-0.0422941421234068	-178.815702948128
9.90831944892767	-0.0417998488807694	-178.982951755449
10.115794542599	-0.0413802648192156	-179.149781395724
10.327614057614	-0.0410346905688421	-179.316260617876
10.5438689639126	-0.0407625501019392	-179.482458006691
10.7646521362984	-0.040563389582001	-179.648442136092
10.9900583943252	-0.0404368768492975	-179.814281529939
11.2201845430196	-0.0403828009461637	-179.980044571391
11.4551294144553	-0.0404010716442693	-180.145799733684
11.6949939101987	-0.0404917194169326	-180.31161542703
11.9398810446427	-0.0406548954873583	-180.477560134431
12.1898959892486	-0.0408908720015269	-180.643702321394
12.4451461177138	-0.0412000424403568	-180.810110512757
12.7057410520854	-0.0415829223455309	-180.976853361599
12.9717927098395	-0.0420401498370768	-181.143999537262
13.2434153519466	-0.0425724869939257	-181.311617919291
13.5207256319427	-0.0431808204518615	-181.47977741227
13.8038426460288	-0.0438661632191971	-181.648547133169
14.0928879842187	-0.0446296560745557	-181.81799637181
14.3879857825584	-0.0454725691421673	-181.988194578943
14.6892627764386	-0.0463963037144916	-182.159211378339
14.9968483550237	-0.0474023948869643	-182.331116685203
15.3108746168203	-0.0484925132250916	-182.503980600854
15.6314764264095	-0.0496684676597196	-182.67787350525
15.9587914723673	-0.0509322076795121	-182.852865997828
16.2929603263972	-0.0522858269528384	-183.029029022908
16.6341265037017	-0.0537315657470763	-183.206433786989
16.9824365246174	-0.0552718145181018	-183.385151817999
17.3380399775414	-0.0569091174298488	-183.565254980135
17.7010895831742	-0.0586461758938237	-183.746815468268
18.0717412601093	-0.0604858524522477	-183.929905820101
18.4501541917948	-0.0624311750395106	-184.11459894344
18.836490894898	-0.0644853412757145	-184.300968122151
19.2309172891016	-0.0666517229508137	-184.48908702016
19.6336027683604	-0.0689338708942138	-184.679029699842
20.0447202736516	-0.0713355198553754	-184.870870620575
20.4644463672468	-0.0738605935714552	-185.064684635608
20.8929613085403	-0.0765132104345531	-185.260547017792
21.3304491314657	-0.0792976889640198	-185.458533449896
21.7770977235316	-0.0822185538848315	-185.658720042735
22.233098906514	-0.0852805419918396	-185.861183319455
22.6986485188382	-0.0884886086269751	-186.066000226559
23.1739464996848	-0.0918479339201166	-186.273248112558
23.6591969748575	-0.0953639300998174	-186.483004759123
24.1546083444494	-0.099042247668923	-186.695348325225
24.6603933723434	-0.102888783777388	-186.910357409368
25.1767692775885	-0.106909688534755	-187.128110973129
25.7039578276886	-0.111111372833501	-187.348688342634
26.2421854338444	-0.115500517301308	-187.572169252296
26.7916832481903	-0.120084078859429	-187.798633746884
27.3526872630671	-0.124869299997168	-188.028162215923
27.9254384123733	-0.129863716555385	-188.260835337462
28.5101826750391	-0.135075167076544	-188.496734087301
29.107171180666	-0.140511801578878	-188.735939706195
29.7166603173803	-0.146182089702232	-188.978533630349
30.3389118419426	-0.152094830905191	-189.224597503863
30.9741929921657	-0.158259163041681	-189.474213108531
31.6227766016838	-0.164684572482983	-189.727462350967
32.2849412171263	-0.171380903302834	-189.98442720101
32.9609712177458	-0.178358366481116	-190.245189625604
33.651156937549	-0.185627550617584	-190.509831573617
34.3557947899874	-0.193199431379421	-190.778434903482
35.0751873952568	-0.201085380635974	-191.05108129652
35.8096437102636	-0.209297177033341	-191.327852217888
36.5594791613125	-0.217847015702177	-191.608828840869
37.3250157795721	-0.226747518070946	-191.894091971932
38.1065823393773	-0.236011740979289	-192.183721951172
38.904514499428	-0.245653186841726	-192.477798586138
39.719154946944	-0.2556858125133	-192.776401043375
40.5508535448383	-0.266124038860295	-193.079607763312
41.399967481973	-0.276982759442534	-193.387496349547
42.2668614265603	-0.288277348764385	-193.700143449654
43.1519076827765	-0.300023671070037	-194.017624655849
44.0554863506552	-0.312238087812652	-194.340014373075
44.9779854893287	-0.324937464504428	-194.667385678461
45.9198012836868	-0.33813917843019	-194.999810211697
46.8813382145265	-0.351861124046073	-195.337358013399
47.8630092322638	-0.366121718572145	-195.680097380866
48.8652359342834	-0.380939906920177	-196.028094719067
49.8884487460011	-0.396335164581922	-196.381414356608
50.9330871057195	-0.412327501999489	-196.740118412559
51.9995996533515	-0.428937465422704	-197.104266597016
53.0884444230988	-0.446186137518187	-197.473916026883
54.2000890401624	-0.464095138128935	-197.849121064351
55.3350109215737	-0.482686621495112	-198.229933099513
56.4936974812302	-0.501983272919717	-198.616400347039
57.676646339225	-0.522008306023943	-199.008567678966
58.8843655355588	-0.542785454130461	-199.406476364633
60.1173737483278	-0.56433896481749	-199.810163904089
61.3762005164794	-0.586693588146078	-200.219663767167
62.6613864672336	-0.609874567057495	-200.635005207482
63.9734835482649	-0.633907623009951	-201.056213019547
65.3130552647472	-0.658818940293607	-201.483307308644
66.6806769213621	-0.684635149148978	-201.916303275721
68.0769358693741	-0.711383305350146	-202.355210978358
69.5024317588796	-0.739090867666229	-202.800035096272
70.9577767963389	-0.767785674080842	-203.250774716845
72.4435960074989	-0.797495914231102	-203.707423100572
73.9605275058237	-0.828250099724695	-204.169967456778
75.5092227665432	-0.860077032020046	-204.6383887258
77.0903469064428	-0.893005768050746	-205.112661371738
78.7045789695099	-0.927065581658113	-205.592753159057
80.3526122185617	-0.962285925550544	-206.078624983667
82.0351544329816	-0.998696386444618	-206.570230652837
83.7529282126883	-1.03632664118956	-207.067516728052
85.5066712884683	-1.07520640824495	-207.5704223507
87.2971368388111	-1.11536539827982	-208.078879103801
89.1250938133745	-1.15683325938595	-208.592810850565
90.9913272632251	-1.19963952448871	-209.112133648771
92.8966386779936	-1.24381355242991	-209.636755630075
94.8418463300896	-1.28938446876566	-210.166576922757
96.8277856261248	-1.33638110502806	-210.701489599681
98.8553094656938	-1.38483193573888	-211.241377642179
100.925288607668	-1.43476501362004	-211.786116924616
103.038612044162	-1.4862079046991	-212.335575237259
105.196187382322	-1.53918762057508	-212.889612314981
107.398941234124	-1.5937305525212	-213.448079921423
109.647819614319	-1.64986240287016	-214.010821936192
111.943788346715	-1.70760811694133	-214.577674478662
114.287833478977	-1.766991817141	-215.148466080614
116.680961706096	-1.8280367339656	-215.723017851685
119.124200802737	-1.89076514162728	-216.301143711912
121.618600064637	-1.95519829247365	-216.882650629443
124.165230759241	-2.02135635503779	-217.467338906731
126.765186585785	-2.08925835167635	-218.055002473295
129.419584144999	-2.15892210141111	-218.64542923277
132.129563418657	-2.23036416378186	-219.238401421263
134.896288259165	-2.30359978612887	-219.833695995195
137.720946889394	-2.37864285492878	-220.431085049127
140.604752412991	-2.4555058502389	-221.030336251182
143.548943335365	-2.53419980508259	-221.631213306996
146.554784095591	-2.61473426798717	-222.233476433398
149.623565609443	-2.69711727222003	-222.836882865636
152.756605823807	-2.78135530713985	-223.441187358335
155.955250282695	-2.86745329751709	-224.046142721274
159.220872705117	-2.95541458577818	-224.651500347706
162.554875575048	-3.04524092108007	-225.257010760993
165.958690743756	-3.13693245319255	-225.862424161028
169.433780044733	-3.23048773169973	-226.46749097134
172.98163592151	-3.32590371146902	-227.07196239031
176.603782068616	-3.42317576271694	-227.675590932518
180.301774085957	-3.52229768725422	-228.278130968555
184.077200146896	-3.62326173870366	-228.879339247041
187.931681680327	-3.72605864983111	-229.47897541706
191.866874067029	-3.83067766252409	-230.076802521616
195.884467350599	-3.93710656469425	-230.672587487542
199.986186963274	-4.04533172983586	-231.2661015851
204.173794466953	-4.15533816159148	-231.857120871235
208.449088309729	-4.26710954228855	-232.445426609974
212.813904598271	-4.38062828483892	-233.030805666713
217.270117886374	-4.49587558753641	-233.613050874468
221.819641980021	-4.61283149263367	-234.19196137741
226.464430759306	-4.73147494592663	-234.767342937948
231.206479017559	-4.85178386019746	-235.339008223529
236.047823318057	-4.97373517913944	-235.906777056894
240.990542868659	-5.09730494321763	-236.470476639014
246.036760414763	-5.22246835623349	-237.029941740215
251.188643150958	-5.34919985327581	-237.585014864602
256.448403651771	-5.47747316783599	-238.135546379218
261.818300821898	-5.60726139995232	-238.681394618862
267.300640866331	-5.73853708330324	-239.222425958993
272.897778280804	-5.87127225233067	-239.758514863849
278.612116862977	-6.00543850780096	-240.289543904936
284.446110744791	-6.14100708132799	-240.815403754549
290.402265446444	-6.27794889887959	-241.335993156528
296.483138952434	-6.41623464215652	-241.851218871803
302.691342810131	-6.55583480833806	-242.360995603034
309.029543251359	-6.69671976766279	-242.86524589832
315.500462337463	-6.83885981909155	-243.363900037011
322.106879128343	-6.98222524362991	-243.85689589792
328.851630875983	-7.12678635485851	-244.344178810241
335.737614242954	-7.27251354733054	-244.825701391504
342.76778654645	-7.41937734257731	-245.301423373236
349.945167028357	-7.56734843205453	-245.771311413621
357.272838151929	-7.71639771773959	-246.235338901273
364.753946925607	-7.86649635009859	-246.693485750538
372.391706254568	-8.01761576317392	-247.145738188841
380.189396320561	-8.16972770756961	-247.592088539917
388.150365990648	-8.32280428022731	-248.032535000362
396.27803425544	-8.47681795220671	-248.467081414577
404.575891697442	-8.63174159356699	-248.895737046064
413.047501990161	-8.78754849614822	-249.318516348487
421.696503428583	-8.94421239395912	-249.735438736279
430.52661049171	-9.10170748112253	-250.146528355324
439.541615437825	-9.26000842782407	-250.55181385565
448.745389933131	-9.41909039407672	-250.951328166038
458.141886714534	-9.57892904170786	-251.345108272134
467.735141287198	-9.73950054410533	-251.733194997085
477.52927365769	-9.90078159443917	-252.115632787025
487.528490103386	-10.0627494121214	-252.492469500914
497.737084978935	-10.2253817476873	-252.863756205405
508.15944256056	-10.3886568860701	-253.229546974767
518.800038928961	-10.5525536485291	-253.589898696611
529.663443891656	-10.7170513934474	-253.944870883996
540.75432294558	-10.8821300156418	-254.294525492915
552.077439280757	-11.0477699447596	-254.638926746622
563.637655825954	-11.213952142532	-254.97814096608
575.439937337156	-11.380658099141	-255.31223640705
587.489352529775	-11.547869828699	-255.641283103673
599.791076255509	-11.7155698640348	-255.965352718827
612.350391724773	-11.8837412506172	-256.284518400661
625.172692775685	-12.0523675399511	-256.598854645911
638.263486190549	-12.2214327824532	-256.908437169773
651.628394060841	-12.3909215197422	-257.213342781939
665.27315620174	-12.5608187765001	-257.513649268949
679.203632617183	-12.7311100520336	-257.809435282873
693.425806016568	-12.9017813114255	-258.100780235834
707.945784384138	-13.0728189764637	-258.387764200543
722.76980360217	-13.244209916385	-258.670467816657
737.904230129101	-13.4159414383036	-258.94897220242
753.355563733717	-13.5880012776999	-259.223358872172
769.130440286607	-13.7603775885951	-259.493709658628
785.235634610072	-13.9330589338659	-259.760106640679
801.678063387679	-14.1060342753735	-260.022632075766
818.464788134789	-14.2792929641885	-260.281368337177
835.603018231247	-14.4528247307824	-260.536397855768
853.100114017587	-14.6266196753167	-260.787803066146
870.96358995608	-14.8006682579715	-261.035666356974
889.201117857947	-14.9749612893841	-261.280070025317
907.820530178185	-15.1494899211976	-261.521096234837
926.829823379348	-15.3242456367444	-261.75882697766
946.237161365794	-15.4992202418833	-261.993344039784
966.050878989812	-15.6744058559494	-262.224728969729
986.279485631209	-15.8497949029522	-262.453063050543
1006.9316688518	-16.025380102873	-262.67842727468
1028.01629812647	-16.2011544632039	-262.900902321868
1049.54242865232	-16.3771112706625	-263.120568539675
1071.51930523761	-16.5532440831058	-263.337505926673
1093.95636627209	-16.7295467216918	-263.551794118144
1116.86324778056	-16.9060132631852	-263.763512373981
1140.24978756117	-17.0826380325526	-263.972739568949
1164.12602941049	-17.2594155957269	-264.179554184936
1188.50222743702	-17.4363407526188	-264.384034305217
1213.38885046498	-17.6134085303591	-264.586257610609
1238.79658653037	-17.7906141767348	-264.786301377316
1264.73634747115	-17.967953153886	-264.984242476492
1291.21927361353	-18.1454211322215	-265.180157375362
1318.25673855641	-18.3230139845415	-265.374122139762
1345.86035405595	-18.5007277804058	-265.566212438098
1374.04197501252	-18.6785587807212	-265.756503546592
1402.81370456196	-18.8565034325549	-265.945070355741
1432.18789927354	-19.0345583641666	-266.131987377911
1462.17717445672	-19.2127203802551	-266.317328755973
1492.79440957899	-19.390986457446	-266.501168272986
1524.05275379729	-19.5693537399758	-266.68357936276
1555.96563160507	-19.7478195355929	-266.864635121287
1588.54674859778	-19.9263813116877	-267.044408319008
1621.81009735893	-20.1050366916241	-267.222971413807
1655.76996346952	-20.2837834512744	-267.400396564683
1690.44093164326	-20.4626195157751	-267.576755646092
1725.8378919902	-20.6415429564802	-267.75212026286
1761.97604641163	-20.8205519881217	-267.926561765648
1798.87091512879	-20.999644966164	-268.100151266903
1836.53834334834	-21.178820384374	-268.272959657287
1874.99450806742	-21.3580768725819	-268.445057622514
1914.25592502108	-21.5374131946233	-268.61651566052
1954.33945577539	-21.716828246509	-268.787404099041
1995.26231496888	-21.8963210547566	-268.957793113419
2037.04207770571	-22.0758907749358	-269.127752744721
2079.69668710369	-22.2555366903968	-269.297352918057
2123.24446200022	-22.4352582111912	-269.466663461112
2167.70410481969	-22.6150548731754	-269.63575412281
2213.09470960563	-22.7949263373177	-269.804694592146
2259.43577022097	-22.9748723891823	-269.973554517097
2306.74718872007	-23.1548929385973	-270.142403523574
2355.04928389601	-23.3349880195286	-270.311311234471
2404.36280000693	-23.5151577901162	-270.480347288641
2454.70891568503	-23.6954025329209	-270.649581359922
2506.10925303211	-23.875722655345	-270.819083176051
2558.58588690565	-24.056118690242	-270.988922537507
2612.1613543992	-24.2365912967241	-271.159169336257
2666.85866452147	-24.4171412611431	-271.329893574298
2722.70130807791	-24.5977694982792	-271.501165382083
2779.71326775929	-24.7784770527027	-271.673055036654
2837.91902844156	-24.9592651003441	-271.845632979601
2897.34358770132	-25.1401349502415	-272.018969834656
2958.01246655154	-25.3210880464974	-272.193136425034
3019.95172040201	-25.5021259704177	-272.368203790351
3083.18795024935	-25.6832504428574	-272.544243203187
3147.74831410131	-25.8644633267619	-272.721326185183
3213.66053864031	-26.0457666299059	-272.89952452265
3280.95293113119	-26.2271625078417	-273.07891028167
3349.65439157827	-26.4086532670433	-273.259555822589
3419.79442513708	-26.5902413682649	-273.44153381392
3491.40315478586	-26.7719294301004	-273.624917245538
3564.51133426244	-26.9537202327576	-273.809779441166
3639.15036127207	-27.1356167220406	-273.996194070055
3715.35229097172	-27.3176220135502	-274.184235157846
3793.14984973681	-27.4997393970961	-274.373977096492
3872.57644921616	-27.6819723413275	-274.565494653224
3953.66620068127	-27.8643244985837	-274.758862978475
4036.45392967605	-28.0467997099649	-274.954157612688
4120.9751909733	-28.2294020106225	-275.151454491924
4207.26628384444	-28.4121356352756	-275.350829952218
4295.36426764886	-28.5950050239487	-275.552360732561
4385.30697774985	-28.7780148279353	-275.756123976472
4477.13304176362	-28.9611699159847	-275.962197232003
4570.88189614875	-29.1444753807141	-276.170658450143
4666.59380314288	-29.3279365452438	-276.381585981483
4764.30986805415	-29.5115589700557	-276.595058571052
4864.0720569146	-29.6953484600726	-276.811155351211
4965.92321450336	-29.8793110719555	-277.029955832488
5069.90708274704	-30.0634531216177	-277.251539892241
5176.06831950567	-30.247781191951	-277.475987761025
5284.45251775181	-30.4323021407587	-277.703380006524
5395.10622515127	-30.6170231088909	-277.93379751493
5508.07696405403	-30.8019515285766	-278.167321469618
5623.41325190348	-30.9870951319418	-278.404033326986
5741.16462207327	-31.1724619597094	-278.644014789289
5861.38164514029	-31.3580603700659	-278.887347774353
5984.11595060319	-31.5438990476885	-279.134114381969
6109.42024905572	-31.7299870129151	-279.384396856845
6237.34835482419	-31.9163336310459	-279.638277547917
6367.95520907914	-32.1029486217595	-279.895838863875
6501.29690343091	-32.2898420686233	-280.15716322473
6637.43070401907	-32.4770244286817	-280.422333009229
6776.41507610675	-32.6645065420971	-280.691430497969
6918.30970918936	-32.8522996418202	-280.964537812007
7063.1755426296	-33.0404153632622	-281.241736846812
7211.07479182899	-33.2288657539414	-281.523109201355
7362.07097494734	-33.4176632830686	-281.808736102187
7516.22894018205	-33.6068208510413	-282.098698322307
7673.61489361818	-33.7963517988041	-282.393076094662
7834.29642766209	-33.9862699170385	-282.691949020107
7998.34255007027	-34.1765894551361	-282.995395969671
8165.82371358591	-34.3673251299087	-283.303494980956
8336.81184619633	-34.5584921339853	-283.616323148554
8511.38038202375	-34.7501061438406	-283.933956508325
8689.60429286301	-34.9421833273998	-284.256469915426
8871.56012037962	-35.1347403511566	-284.583936915984
9057.32600898199	-35.327794386741	-284.916429612329
9246.98173938221	-35.521363116868	-285.254018521714
9440.60876285924	-35.7154647405956	-285.596772428488
9638.29023623966	-35.9101179778159	-285.944758229684
9840.11105761134	-36.1053420729027	-286.298040774053
10046.1579027839	-36.3011567974277	-286.65668269457
10256.519262514	-36.4975824518672	-287.020744234489
10471.285480509	-36.6946398662047	-287.390283067061
10690.5487922266	-36.8923503993387	-287.765354109067
10914.4033644876	-37.0907359372049	-288.146009328362
11142.9453359173	-37.2898188895138	-288.532297545679
11376.2728582343	-37.4896221850057	-288.924264230979
11614.4861384034	-37.6901692651256	-289.321951294704
11857.6874816716	-37.8914840760177	-289.725396874339
12105.9813355048	-38.0935910587398	-290.134635116745
12359.4743344451	-38.2965151375967	-290.549695956797
12618.2753459067	-38.500281706498	-290.970604892925
12882.4955169313	-38.704916613244	-291.397382760215
13152.2483219224	-38.910446141645	-291.830045501801
13427.6496113786	-39.1168969913888	-292.268603939375
13708.8176616485	-39.3242962555739	-292.713063543662
13995.8732257261	-39.53267139583	-293.163424205822
14288.939585111	-39.7420502149585	-293.619680010814
14588.1426027535	-39.952460827034	-294.081819013788
14893.6107771091	-40.1639316249138	-294.549823020685
15205.475297325	-40.3764912451219	-295.023667374268
15523.8700995808	-40.590168530077	-295.503320746866
15848.9319246111	-40.8049924876582	-295.988744941185
16180.8003764306	-41.0209922481066	-296.479894700575
16519.6179822901	-41.2381970182888	-296.976717530205
16865.5302538874	-41.4566360333567	-297.479153530603
17218.6857498601	-41.6763385058637	-297.987135245084
17579.2361395869	-41.8973335724135	-298.500587522573
17947.3362683252	-42.1196502379409	-299.019427397334
18323.1442237121	-42.3433173177442	-299.543563987142
18706.821403658	-42.5683633774113	-300.072898411355
19098.5325856624	-42.7948166708056	-300.607323730371
19498.4459975804	-43.0227050763011	-301.146724907831
19906.7333898718	-43.2520560314724	-301.690978796928
20323.5701093622	-43.48289646648	-302.239954152041
20749.1351745491	-43.7152527363962	-302.793511666845
21183.611352485	-43.9491505527579	-303.351504039912
21627.1852372702	-44.1846149146323	-303.913776068687
22080.047330189	-44.4216700395101	-304.480164772569
22542.3921215243	-44.6603392943584	-305.050499545655
23014.418174085	-44.900645127171	-305.624602339544
23496.328208483	-45.1426089993717	-306.202287876361
23988.3291901948	-45.3862513194299	-306.78336389201
24490.6324184475	-45.6315913780604	-307.367631409394
25003.4536169643	-45.8786472853681	-307.954885041168
25527.0130266124	-46.1274359103159	-308.544913321312
26061.5354999889	-46.3779728228653	-309.137499064644
26607.2505979881	-46.6302722391564	-309.732419753083
27164.3926883908	-46.8843469700602	-310.32944794734
27733.2010465184	-47.140208373428	-310.928351722403
28313.9199579937	-47.3978663103512	-311.528895125045
28906.7988236547	-47.6573291057031	-312.130838651339
29512.0922666638	-47.9186035132266	-312.733939741999
30130.0602418612	-48.181694685388	-313.33795329321
30760.968147407	-48.4466061481933	-313.942632180434
31405.0869387621	-48.7133397811256	-314.547727792582
32062.6932450547	-48.9818958023221	-315.152990573836
32734.0694878838	-49.2522727590794	-315.758170570326
33419.5040026114	-49.5244675237273	-316.363017978822
34119.2911621928	-49.7984752948753	-316.967283694574
34833.7315036012	-50.0742896039983	-317.570719855468
35563.1318568985	-50.3519023272839	-318.17308037966
36307.80547701	-50.631303702625	-318.774121493946
37068.0721782575	-50.9124823516103	-319.373602250213
37844.2584717092	-51.1954253063192	-319.971285027387
38636.6977054069	-51.4801180407037	-320.566936016516
39445.7302075278	-51.7665445063032	-321.160325686679
40271.7034325459	-52.0546871720131	-321.751229229675
41114.9721104521	-52.3445270676012	-322.339426981595
41975.8983991006	-52.636043830646	-322.924704819596
42854.8520397439	-52.9292157565545	-323.506854532399
43752.2105158252	-53.2240198512966	-324.085674163296
44668.3592150963	-53.5204318864953	-324.660968324621
45603.6915951297	-53.8184264564902	-325.232548482927
46558.6093522958	-54.1179770369997	-325.800233214298
47533.5225942805	-54.4190560450059	-326.363848429465
48528.850016212	-54.7216348994841	-326.923227568625
49545.0190804789	-55.0256840826153	-327.478211766062
50582.4662003114	-55.3311732011192	-328.02864998484
51641.6369272071	-55.6380710473718	-328.574399122102
52722.9861422822	-55.9463456599691	-329.115324085583
53826.9782516287	-56.2559643834314	-329.651297842198
54954.0873857623	-56.5668939267545	-330.182201439631
56104.7976032471	-56.8791004205284	-330.70792400204
57279.6030985829	-57.1925494723815	-331.228362701055
58479.0084144479	-57.5072062205113	-331.743422703372
59703.5286583837	-57.8230353850995	-332.253017096303
60953.6897240168	-58.1400013174274	-332.757066792709
62230.0285169159	-58.458068046526	-333.255500416784
63533.0931851743	-58.777199323227	-333.748254172204
64863.4433548236	-59.0973586614934	-334.235271694129
66221.6503701763	-59.4185093769392	-334.716503886595
67608.2975391981	-59.7406146224564	-335.191908746797
69023.9803840241	-60.0636374209045	-335.661451177739
70469.3068967146	-60.3875406948148	-336.125102790701
71944.8978003697	-60.7122872931007	-336.582841698951
73451.3868157116	-61.0378400147651	-337.034652304044
74989.4209332455	-61.364161629619	-337.48052507602
76559.6606911255	-61.6912148960428	-337.920456328764
78162.7804588328	-62.0189625758193	-338.354447991685
79799.4687267975	-62.3473674460987	-338.782507378848
81470.428402084	-62.6763923085506	-339.204646956604
83176.3771102669	-63.0059999957745	-339.620884110669
84918.0475036312	-63.3361533750446	-340.031240913585
86696.1875758217	-63.6668153494736	-340.435743893364
88511.5609830833	-63.9979488566868	-340.834423804082
90364.9473722301	-64.3295168650991	-341.227315399108
92257.1427154761	-64.661482367893	-341.614457207582
94188.9596522839	-64.9938083748038	-341.995891314702
96161.2278383664	-65.326457901813	-342.371663146286
98174.7943019984	-65.6593939588558	-342.741821258038
100230.52380779	-65.9925795356549	-343.106417129915
102329.299228075	-66.3259775857881	-343.465504965853
104472.02192208	-66.6595510090986	-343.819141499144
106659.612123025	-66.9932626325611	-344.167385803667
108893.009333343	-67.327075189715	-344.510299111141
111173.172728159	-67.6609512987715	-344.847944634497
113501.081567231	-67.9948534395147	-345.1803873975
115877.735615513	-68.3287439291014	-345.507694070607
118304.155572516	-68.6625848968731	-345.829932813152
120781.383510678	-68.9963382582964	-346.14717312177
123310.483322891	-69.3299656881414	-346.459485685079
125892.541179417	-69.66342859301	-346.766942244528
128528.665994362	-69.9966880833369	-347.069615461357
131219.98990192	-70.3297049449692	-347.367578789529
133967.668742593	-70.6624396104496	-347.660906354573
136772.882559585	-70.9948521301199	-347.949672838184
139636.836105594	-71.3269021431645	-348.233953368417
142560.759360219	-71.6585488487236	-348.513823415418
145545.908058197	-71.9897509771947	-348.789358692437
148593.5642287	-72.3204667618623	-349.060635062049
151705.036745933	-72.6506539109798	-349.327728447386
154881.661891248	-72.9802695804489	-349.590714748233
158124.803927038	-73.3092703472326	-349.849669761849
161435.855682649	-73.6376121836524	-350.104669108311
164816.23915255	-73.9652504327141	-350.355788160284
168267.406107046	-74.2921397846261	-350.603101977028
171790.838715759	-74.6182342546628	-350.846685242534
175388.050184176	-74.9434871625421	-351.086612207583
179060.58540353	-75.2678511134869	-351.322956635718
182810.021614274	-75.5912779811476	-351.555791752865
186637.969083466	-75.9137188925625	-351.785190200597
190546.071796324	-76.2351242153433	-352.011223992882
194536.008162266	-76.5554435472768	-352.233964476222
198609.491735737	-76.8746257085305	-352.453482293112
202768.271952128	-77.1926187366636	-352.66984734873
207014.134879103	-77.5093698846416	-352.883128780769
211348.903983664	-77.8248256220533	-353.093394932421
215774.440915266	-78.1389316397334	-353.300713328338
220292.646305346	-78.4516328579941	-353.505150653698
224905.460583577	-78.762873438661	-353.706772736154
229614.864811236	-79.0725968011199	-353.905644530853
234422.881531992	-79.3807456425556	-354.101830108302
239331.575640538	-79.6872619625816	-354.295392645241
244343.055269397	-79.9920870924326	-354.486394418452
249459.472694295	-80.2951617288906	-354.674896801459
254683.025258504	-80.5964259731076	-354.860960264313
260015.956316527	-80.8958193744589	-355.044644376212
265460.556197554	-81.1932809795633	-355.226007811258
271019.163189084	-81.4887493865698	-355.405108357119
276694.164541151	-81.7821628048055	-355.582002926829
282487.99749157	-82.0734591198382	-355.756747573595
288403.15031266	-82.3625759639953	-355.929397508678
294442.163379876	-82.6494507923423	-356.100007122406
300607.630262823	-82.9340209640946	-356.268630008243
306902.198839115	-83.2162238294042	-356.435318989965
313328.572431558	-83.49599682142	-356.600126151902
319889.510969139	-83.7732775534913	-356.763102872219
326587.832172336	-84.0480039213324	-356.924299859218
333426.412763235	-84.3201142099305	-357.083767190576
340408.189701002	-84.5895472049339	-357.241554355453
347536.161443205	-84.8562423082116	-357.39771029938
354813.389233574	-85.1201396572296	-357.55228347178
362242.998416698	-85.3811802478459	-357.705321876057
369828.179780266	-85.6393060600777	-357.856873122014
377572.190925417	-85.8944601863544	-358.006984480455
385478.35766577	-86.1465869617233	-358.155702939758
393550.075455776	-86.3956320954373	-358.303075264218
401790.810848939	-86.6415428033135	-358.449148053854
410204.102986606	-86.8842679402235	-358.593967805462
418793.565117919	-87.1237581320372	-358.737580974577
427562.886151587	-87.3599659063223	-358.880034038058
436515.832240164	-87.5928458210836	-359.021373557011
445656.248397503	-87.8223545908042	-359.161646239613
454988.060150048	-88.0484512090481	-359.300899003545
464515.27522275	-88.2710970668827	-359.439179037752
474241.985260245	-88.4902560663809	-359.576533862974
484172.367584098	-88.7058947284794	-359.713011390953
494310.686986834	-88.9179822944873	-359.848659981735
504661.297563527	-89.1264908205674	-359.98352849882
515228.644581756	-89.3313952645493	-360.117666361918
526017.266390706	-89.5326735644714	-360.25112359679
537031.796370251	-89.7303067083019	-360.383950882144
548276.964920852	-89.9242787943411	-360.516199593107
559757.601495108	-90.114577081871	-360.647921841164
571478.636671867	-90.3011920316814	-360.779170510379
583445.104273744	-90.4841173361763	-360.909999289606
595662.143529009	-90.6633499388341	-361.040462700791
608135.001278716	-90.8388900428786	-361.170616123048
620869.034230063	-91.0107411090881	-361.30051581263
633869.711256926	-91.1789098427604	-361.430218918792
647142.615748582	-91.343406169921	-361.55978349543
660693.448007595	-91.5042432029473	-361.689268508836
674528.027697919	-91.6614371958539	-361.818733841483
688652.296344275	-91.8150074895623	-361.948240292117
703072.319883832	-91.9649764475392	-362.077849572276
717794.291271362	-92.1113693822645	-362.207624299608
732824.533138904	-92.2542144730367	-362.33762798802
748169.500511151	-92.3935426756863	-362.467925035221
763835.783577691	-92.5293876248105	-362.598580707698
779830.110523257	-92.661785529181	-362.729661123638
796159.350417319	-92.7907750610139	-362.861233234041
812830.516164099	-92.9163972398113	-362.993364802372
829850.767514418	-93.0386953115036	-363.126124383126
847227.414140596	-93.1577146236352	-363.259581299622
864967.918775691	-93.2735024973322	-363.39380562136
883079.900418562	-93.3861080967966	-363.528868141276
901571.137605956	-93.4955822970527	-363.664840353266
920449.571753166	-93.6019775506605	-363.801794430157
939723.310564637	-93.7053477540876	-363.939803202507
959400.63151593	-93.8057481144044	-364.078940138475
979489.9854087	-93.9032350169341	-364.219279324983
999999.999999999	-93.9978658944584	-364.360895450374
 
