*Frequency 	VM1-abs (dB)	VM1-phase (deg)
0.1	-11.2155104536081	-90.3012132522079
0.10162486928707	-11.0755123558288	-90.3061075477425
0.10327614057614	-10.9355143203683	-90.3110813678895
0.104954242865232	-10.7955163492681	-90.316136004756
0.106659612123026	-10.6555184446368	-90.3212727714407
0.10839269140212	-10.515520608652	-90.3264930023754
0.110153930954142	-10.3755228435625	-90.3317980536709
0.111943788346715	-10.2355251516908	-90.3371893034696
0.113762728582343	-10.0955275354357	-90.3426681523029
0.11561122421921	-9.95552999727447	-90.3482360234551
0.117489755493953	-9.81553253976539	-90.3538943633326
0.119398810446427	-9.6755351655507	-90.3596446418397
0.121338885046498	-9.53553787735918	-90.3654883527599
0.123310483322891	-9.39554067800897	-90.3714270141442
0.125314117494142	-9.25554357041056	-90.3774621687043
0.127350308101666	-9.11554655756976	-90.3835953842138
0.129419584144999	-8.97554964259089	-90.389828253915
0.131522483219224	-8.83555282867989	-90.3961623969322
0.133659551654644	-8.6955561191478	-90.4025994586922
0.135831344658715	-8.55555951741409	-90.4091411113511
0.138038426460288	-8.41556302701027	-90.4157890542288
0.140281370456196	-8.2755666515835	-90.4225450142494
0.142560759360219	-8.13557039490045	-90.4294107463899
0.144877185354476	-7.99557426085118	-90.4363880341353
0.147231250243272	-7.85557825345316	-90.4434786899416
0.149623565609443	-7.71558237685548	-90.450684555706
0.15205475297325	-7.57558663534317	-90.4580075032452
0.154525443953841	-7.43559103334159	-90.4654494347805
0.157036280433355	-7.2955955754211	-90.4730122834319
0.159587914723673	-7.15560026630176	-90.4806980137193
0.162181009735893	-7.01560511085826	-90.4885086220725
0.164816239152551	-6.87561011412495	-90.4964461373488
0.167494287602644	-6.73561528130114	-90.5045126213597
0.170215850839495	-6.59562061775642	-90.5127101694053
0.17298163592151	-6.45562612903628	-90.5210409108182
0.175792361395869	-6.31563182086789	-90.5295070095157
0.178648757485205	-6.17563769916599	-90.538110664561
0.181551566277314	-6.03564377003911	-90.5468541107334
0.184501541917947	-5.89565003979586	-90.5557396191083
0.187499450806742	-5.75565651495147	-90.5647694976457
0.190546071796325	-5.61566320223465	-90.5739460917888
0.193642196394661	-5.47567010859447	-90.5832717850724
0.196788628970684	-5.33567724120767	-90.5927489997406
0.199986186963274	-5.19568460748602	-90.6023801973747
0.203235701093622	-5.05569221508413	-90.612167879532
0.206538015581053	-4.91570007190728	-90.6221145883933
0.209893988362352	-4.77570818611977	-90.6322229074227
0.213304491314658	-4.63571656615326	-90.6424954620366
0.21677041048197	-4.49572522071563	-90.6529349202847
0.220292646305346	-4.35573415879998	-90.6635439935406
0.223872113856834	-4.21574338969398	-90.6743254372053
0.227509743077207	-4.07575292298952	-90.6852820514204
0.231206479017559	-3.93576276859265	-90.696416681794
0.234963282084831	-3.79577293673392	-90.7077322201375
0.238781128291318	-3.65578343797895	-90.7192316052152
0.242661009508242	-3.51579428323944	-90.7309178235048
0.246603933723434	-3.37580548378446	-90.7427939099713
0.250610925303211	-3.23581705125222	-90.7548629488528
0.254683025258504	-3.09582899766211	-90.7671280744591
0.258821291515309	-2.95584133542717	-90.7795924719829
0.263026799189538	-2.81585407736701	-90.792259378325
0.267300640866331	-2.67586723672113	-90.8051320829312
0.271643926883908	-2.53588082716263	-90.8182139286444
0.276057785622035	-2.39589486281244	-90.8315083125692
0.280543363795171	-2.25590935825397	-90.8450186869512
0.285101826750391	-2.11592432854825	-90.8587485600697
0.289734358770132	-1.97593978924957	-90.8727014971455
0.294442163379876	-1.83595575642164	-90.886881121263
0.299226463660819	-1.69597224665424	-90.9012911143066
0.304088502567628	-1.5559892770805	-90.9159352179134
0.309029543251359	-1.41600686539461	-90.93081723444
0.314050869387622	-1.27602502987024	-90.9459410279452
0.319153785510076	-1.13604378937949	-90.9613105251889
0.324339617349349	-0.996063163412506	-90.9769297166468
0.329609712177458	-0.856083172097678	-90.9928026575405
0.334965439157828	-0.716103836222538	-91.008933468886
0.340408189701001	-0.576125177255372	-91.025326338557
0.345939377826122	-0.436147217367438	-91.0419855223667
0.351560440528298	-0.296169979456034	-91.058915345166
0.357272838151929	-0.156193487168239	-91.0761202019599
0.363078054770101	-0.016217764925431	-91.0936045590416
0.36897759857015	0.123757162051346	-91.1113729551443
0.374973002245484	0.26373126771518	-91.1294300026121
0.381065823393773	0.403704525166354	-91.1477803885888
0.387257644921617	0.54367690662437	-91.1664288762269
0.393550075455777	0.683648383399134	-91.1853803059142
0.399944749761097	0.823618925861197	-91.2046395965218
0.406443329165213	0.963588503411037	-91.2242117466703
0.413047501990161	1.10355708444731	-91.2441018360176
0.419758983991007	1.24352463633406	-91.2643150265659
0.426579518801593	1.38349112536687	-91.2848565639907
0.433510878387529	1.52345651673793	-91.3057317789899
0.440554863506553	1.66342077449993	-91.3269460886552
0.447713304176363	1.80338386152877	-91.3485049978643
0.454988060150049	1.94334573948508	-91.3704141006962
0.46238102139926	2.08330636877449	-91.3926790818682
0.469894108605215	2.22326570850654	-91.4153057181959
0.477529273657691	2.36322371645233	-91.4382998800762
0.485288500162121	2.50318034900073	-91.4616675329938
0.493173803954936	2.64313556111317	-91.4854147390519
0.501187233627272	2.78308930627701	-91.5095476585259
0.509330871057195	2.92304153645726	-91.5340725514428
0.517606831950568	3.06299220204691	-91.5589957791849
0.526017266390706	3.20294125181544	-91.5843238061188
0.534564359396972	3.34288863285582	-91.6100632012494
0.543250331492433	3.48283429052965	-91.6362206399016
0.552077439280757	3.62277816841061	-91.6628029054259
0.561047976032471	3.76272020822603	-91.6898168909326
0.570164272280748	3.90266034979648	-91.7172696010523
0.579428696426881	4.04259853097355	-91.7451681537243
0.588843655355589	4.18253468757547	-91.7735197820119
0.59841159506032	4.32246875332065	-91.8023318359475
0.608135001278718	4.46240065975915	-91.831611784405
0.618016400138416	4.60233033620177	-91.8613672170019
0.628058358813318	4.74225770964696	-91.8916058460308
0.638263486190549	4.88218270470527	-91.9223355084208
0.648634433548239	5.02210524352137	-91.953564167729
0.659173895244321	5.16202524569356	-91.985299916163
0.669884609416526	5.3019426281906	-92.0175509766342
0.680769358693742	5.44185730526586	-92.0503257048428
0.691830970918937	5.58176918836871	-92.0836325913949
0.703072319883833	5.72167818605299	-92.1174802639519
0.714496326075513	5.86158420388248	-92.1518774894123
0.726105957435155	6.0014871443334	-92.1868331761275
0.737904230129101	6.14138690669361	-92.2223563761508
0.749894209332456	6.28128338695864	-92.2584562875204
0.762079010025412	6.42117647772429	-92.2951422565774
0.774461797802519	6.56106606807573	-92.3324237803183
0.787045789695099	6.70095204347308	-92.3703105087834
0.799834255007028	6.84083428563319	-92.4088122474805
0.812830516164099	6.98071267240759	-92.4479389598453
0.826037949577179	7.12058707765657	-92.4877007697385
0.839459986519398	7.26045737111909	-92.5281079639798
0.85310011401759	7.4003234182785	-92.5691709949199
0.866961875758217	7.54018508022388	-92.61090048305
0.881048873008014	7.68004221350704	-92.6533072196504
0.895364765549594	7.81989466999461	-92.6964021694774
0.909913272632252	7.95974229671564	-92.7401964734898
0.924698173938222	8.09958493570407	-92.7847014516156
0.939723310564638	8.23942242383622	-92.829928605558
0.954992586021436	8.37925459266294	-92.8758896216424
0.97050996724549	8.51908126823643	-92.9225963737048
0.98627948563121	8.65890227093137	-92.9700609260211
1.0023052380779	8.7987174152604	-93.0182955362783
1.01859138805412	8.9385265096835	-93.0673126585882
1.03514216667934	9.07832935641136	-93.1171249465434
1.05196187382322	9.21812575120235	-93.1677452563164
1.06905487922266	9.35791548315294	-93.2191866498024
1.08642562361707	9.49769833448142	-93.2714623978051
1.10407861990207	9.63747408030461	-93.324585983267
1.12201845430196	9.77724248840747	-93.3785711045446
1.14024978756117	9.91700331900521	-93.4334316787272
1.15877735615513	10.0567563244979	-93.4891818450021
1.17760597352081	10.1965012492169	-93.5458359680638
1.19674053130724	10.3362378291637	-93.6034086415698
1.21618600064637	10.4759657917398	-93.6619146916423
1.23594743344451	10.6156848554686	-93.7213691804152
1.25602996369487	10.7553947297073	-93.7817874096286
1.27643880881134	10.8950951143512	-93.8431849242689
1.29717927098396	11.0347856995269	-93.9055775162564
1.31825673855641	11.1744661652771	-93.9689812281791
1.33967668742594	11.3141361812341	-94.0334123570746
1.36144468246595	11.4537954062839	-94.0988874582581
1.38356637897178	11.5934434882195	-94.165423349198
1.40604752412991	11.7330800633821	-94.2330371134391
1.4288939585111	11.8727047562927	-94.3017461045726
1.45211161758774	12.0123171792701	-94.3715679502537
1.4757065332759	12.1519169320386	-94.4425205562661
1.49968483550237	12.2915036013217	-94.5146221106338
1.52405275379729	12.431076760424	-94.5878910877795
1.54881661891248	12.5706359687996	-94.6623462527304
1.57398286446622	12.7101807716067	-94.7380066653695
1.59955802861467	12.8497106992484	-94.8148916847339
1.62554875575048	12.989225266899	-94.8930209733582
1.65196179822901	13.1287239740152	-94.9724145016646
1.67880401812256	13.2682063038324	-95.0530925523958
1.70608238900312	13.4076717228449	-95.1350757250945
1.73380399775414	13.5471196802698	-95.2183849406255
1.76197604641163	13.6865496074945	-95.303041445741
1.7906058540353	13.8259609175065	-95.3890668176885
1.81970085860998	13.9653530043059	-95.47648296886
1.84926861897808	14.1047252422994	-95.5653121514824
1.87931681680327	14.2440769856754	-95.6555769623465
1.90985325856624	14.3834075677604	-95.7473003475755
1.94088587759278	14.5227163003544	-95.8405056074302
1.97242273611485	14.6620024730467	-95.9352164011504
2.00447202736516	14.8012653525106	-96.0314567518308
2.03704207770572	14.9405041817761	-96.1292510513302
2.07014134879104	15.0797181794801	-96.2286240652121
2.10377843976647	15.2189065390946	-96.3296009377143
2.13796208950223	15.3580684281305	-96.4322071967471
2.17270117886374	15.4972029873174	-96.5364687589172
2.2080047330189	15.6363093297589	-96.6424119345739
2.24388192378277	15.7753865400619	-96.7500634328783
2.28034207200042	15.9144336734396	-96.8594503668893
2.31739464996848	16.0534497547879	-96.9706002586672
2.35504928389601	16.1924337777341	-97.0835410443892
2.39331575640539	16.3313847036566	-97.198301079476
2.43220400907382	16.4703014606756	-97.3149091437241
2.47172414501613	16.6091829426147	-97.4333944464429
2.51188643150958	16.7480280079301	-97.5537866315907
2.55270130266125	16.8868354786099	-97.6761157829068
2.59417936211881	17.0256041390397	-97.8004124290356
2.63633138582538	17.164332734836	-97.9267075486383
2.67916832481903	17.3030199716448	-98.055032575487
2.72270130807791	17.4416645139062	-98.1854194035379
2.76694164541151	17.5802649835822	-98.3179003919763
2.81190083039894	17.718819958849	-98.4525083702304
2.85759054337495	17.8573279727508	-98.5892766429455
2.90402265446445	17.9957875118164	-98.7282389949155
2.95120922666638	18.1341970146353	-98.8694296959632
2.99916251898765	18.2725548703947	-99.0128835057633
3.04789498962798	18.4108594173748	-99.1586356786018
3.09741929921658	18.5491089414027	-99.3067219680635
3.14774831410132	18.6873016742626	-99.4571786316404
3.1988951096914	18.8254357920633	-99.6100424352523
3.25087297385434	18.96350941356	-99.7653506576722
3.30369541036815	19.1015205984312	-99.9231410948459
3.35737614242955	19.2394673455089	-100.083452064098
3.41192911621929	19.3773475909609	-100.246322408212
3.46736850452532	19.5151592064255	-100.411791499381
3.52370871042487	19.6528999970968	-100.579899243005
3.58096437102636	19.7905676997596	-100.750686081338
3.63915036127207	19.9281599807737	-100.924192996966
3.69828179780266	20.0656744340062	-101.100461516101
3.75837404288444	20.2031085787117	-101.279533711683
3.81944270840047	20.3404598573586	-101.46145220628
3.88150365990648	20.4777256334012	-101.646260174756
3.94457302075279	20.6149031889977	-101.834001346716
4.00866717627303	20.7519897226718	-102.024720008688
4.07380277804113	20.8889823469186	-102.21846100605
4.13999674819731	21.025878085753	-102.415269744664
4.20726628384444	21.1626738722022	-102.615192192216
4.27562886151586	21.2993665457382	-102.818274879234
4.34510224171572	21.435952849654	-103.024564899774
4.41570447353312	21.5724294283794	-103.234109911747
4.48745389933132	21.7087928247396	-103.446958136868
4.56036915951296	21.8450394771524	-103.663158360216
4.63446919736288	21.9811657167682	-103.88275992937
4.70977326396953	22.117167764549	-104.10581275311
4.78630092322638	22.2530417282889	-104.332367299654
4.86407205691462	22.3887835995751	-104.562474594408
4.94310686986836	22.5243892506902	-104.796186217209
5.02342589522387	22.6598544314555	-105.03355429903
5.10504999975406	22.7951747660174	-105.27463151813
5.18800038928961	22.9303457495754	-105.519471095609
5.27229861422823	23.0653627450545	-105.768126790356
5.35796657513342	23.2002209797218	-106.020652893352
5.44502652842421	23.3349155417492	-106.2771042213
5.53350109215737	23.4694413767228	-106.537536109562
5.62341325190349	23.6037932841018	-106.80200440436
5.71478636671867	23.7379659136271	-107.070565454218
5.80764417521312	23.8719537616832	-107.343276100617
5.90201080171845	24.005751167614	-107.62019366782
5.9979107625551	24.139352309997	-107.901375951849
6.0953689724017	24.2727512028763	-108.186881208567
6.19441075076782	24.4059416919594	-108.476768140848
6.29506182857197	24.5389174507803	-108.77109588478
6.39734835482648	24.6716719768318	-109.069923994896
6.50129690343091	24.804198587673	-109.373312428368
6.60693448007596	24.9364904170134	-109.681321528154
6.71428852925953	25.0685404107807	-109.994012005051
6.8233869414167	25.200341323176	-110.311444918629
6.93425806016569	25.3318857127218	-110.633681656999
7.04693068967147	25.4631659383086	-110.960783915398
7.16143410212902	25.5941741552471	-111.292813673542
7.27779804536825	25.7249023113298	-111.629833171731
7.39605275058238	25.8553421429132	-111.971904885656
7.51622894018206	25.9854851710231	-112.319091499891
7.63835783577691	26.1153226974951	-112.67145588004
7.76247116628692	26.2448458011555	-113.029061043496
7.88860117618554	26.374045334053	-113.391970128804
8.0167806338768	26.5029119177495	-113.760246363586
8.1470428402084	26.63143593968	-114.133953031021
8.27942163712335	26.7596075495919	-114.513153434839
8.41395141645196	26.8874166560734	-114.897910862831
8.55066712884683	27.0148529231837	-115.288288548833
8.68960429286302	27.1419057671942	-115.684349633203
8.83079900418563	27.2685643534552	-116.086157121747
8.97428794500749	27.3948175933986	-116.49377384311
9.1201083935591	27.5206541416906	-116.90726240462
9.2682982337935	27.6460623935472	-117.326685146584
9.41889596522841	27.7710304822269	-117.752104095045
9.57194071294845	27.8955462767138	-118.183580913012
9.72747223776965	28.0195973796063	-118.621176850163
9.88553094656939	28.1431711252264	-119.064952691067
10.046157902784	28.266254577964	-119.51496870192
10.2093948370768	28.3888345308729	-119.971284575856
10.3752841581801	28.5108975045324	-120.433959376845
10.5438689639126	28.6324297461921	-120.903051482244
10.7151930523761	28.7534172292149	-121.378618524037
10.8893009333343	28.8738456528342	-121.860717328832
11.0662378397767	28.9937004422421	-122.349403856675
11.2460497396693	29.1129667490234	-122.844733138762
11.4287833478977	29.2316294519521	-123.346759214126
11.6144861384034	29.3496731581658	-123.855535065386
11.8032063565173	29.4670822047329	-124.371112553671
11.9949930314938	29.5838406606278	-124.893542352806
12.1898959892487	29.6999323291283	-125.422873882894
12.3879658653037	29.8153407506483	-125.959155243413
12.5892541179417	29.9300492060205	-126.502433145957
12.7938130415753	30.0440407202391	-127.052752846767
13.0016957803329	30.1572980666746	-127.610158079212
13.2129563418658	30.2698037717716	-128.17469098636
13.4276496113786	30.381540120237	-128.746392053836
13.6458313658893	30.492489160727	-129.325300043112
13.8675582887189	30.6026327120388	-129.911451925437
14.0928879842187	30.7119523698117	-130.504882816592
14.3218789927354	30.8204295137394	-131.105625912663
14.5545908058197	30.9280453152964	-131.713712427044
14.7910838816821	31.0347807459747	-132.329171528876
15.0314196609002	31.1406165860303	-132.952030283144
15.2756605823807	31.2455334337321	-133.582313592638
15.5238700995808	31.3495117151066	-134.220044142016
15.7761126969935	31.4525316941681	-134.86524234418
16.0324539069004	31.5545734836215	-135.517926289199
16.2929603263972	31.6556170560226	-136.178111695996
16.5576996346953	31.755642255378	-136.845811867025
16.8267406107047	31.854628809164	-137.521037646164
17.1001531509029	31.9525563407413	-138.203797380021
17.3780082874938	32.0494043821392	-138.89409688288
17.6603782068616	32.14515238718	-139.591939405484
17.9473362683253	32.2397797449135	-140.297325607832
18.2389570231964	32.3332657933249	-141.010253536194
18.5353162341481	32.4255898332813	-141.730718604491
18.836490894898	32.5167311426762	-142.45871358021
19.1425592502109	32.6066689907304	-143.19422857498
19.4536008162266	32.6953826524045	-143.937251039931
19.7696964011186	32.7828514228778	-144.687765765948
20.0909281260873	32.8690546320442	-145.445754888878
20.4173794466953	32.9539716589752	-146.211197899773
20.7491351745491	33.0375819462998	-146.984071660181
21.0862814993329	33.1198650144471	-147.764350422505
21.4289060112006	33.2008004756981	-148.552005855414
21.7770977235316	33.2803680479942	-149.347007074253
22.1309470960564	33.3585475684456	-150.149320676389
22.4905460583578	33.4353190064872	-150.958910781384
22.8559880337543	33.5106624766267	-151.775739075869
23.2273679635711	33.5845582507325	-152.599764862965
23.6047823318058	33.6569867698094	-153.43094511605
23.9883291901949	33.7279286552112	-154.269234536663
24.3781081836875	33.7973647192436	-155.114585616301
24.7742205763329	33.8652759751087	-155.966948701831
25.1767692775886	33.9316436461508	-156.826272064209
25.5858588690564	33.996449174362	-157.692501970202
26.0015956316527	34.0596742281115	-158.565582756734
26.4240875732195	34.1213007090663	-159.445456907507
26.8534444565851	34.1813107582751	-160.332065131491
27.2897778280804	34.2396867613907	-161.225346442874
27.7332010465184	34.2964113530144	-162.125238242046
28.1838293126446	34.3514674201454	-163.03167639718
28.6417796990658	34.4048381047294	-163.944595325949
29.107171180666	34.4565068053018	-164.863928076935
29.5801246655155	34.5064571777289	-165.789606410249
30.0607630262823	34.5546731350545	-166.721560876916
30.5492111321551	34.6011388464671	-167.659720896552
31.0455958812835	34.6458387354063	-168.60401483288
31.5500462337463	34.688757476835	-169.554370066632
32.0626932450547	34.7298799937073	-170.510713065408
32.5836701002009	34.7691914526705	-171.472969450063
33.1131121482591	34.8066772590416	-172.441064057224
33.6511569375491	34.8423230511057	-173.414920997549
34.1979442513709	34.8761146937898	-174.394463709382
34.7536161443206	34.9080382717658	-175.379615007458
35.3183169791957	34.9380800820464	-176.370297126366
35.8921934645006	34.9662266261356	-177.366431758503
36.4753946925608	34.992464601804	-178.367940086274
37.0680721782576	35.0167808945585	-179.374742808355
37.6703798983909	35.0391625688798	-180.386760159838
38.2824743316823	35.0595968593042	-181.403911926152
38.904514499428	35.0780711614256	-182.426117450676
39.5366620068128	35.0945730228953	-183.453295635992
40.179081084894	35.1090901345002	-184.48536493879
40.8319386332692	35.1216103213947	-185.522243358463
41.4954042634363	35.1321215345668	-186.563848419479
42.1696503428582	35.1406118426135	-187.610097147641
42.854852039744	35.1470694239016	-188.660906040419
43.5511873685569	35.1514825591865	-189.716191031546
44.2588372362626	35.1538396247589	-190.775867450118
44.9779854893288	35.154129086189	-191.839849974484
45.7088189614875	35.1523394927292	-192.908052581235
46.451527522275	35.1484594724378	-193.980388489632
47.2063041263591	35.1424777280783	-195.056770101859
47.9733448636689	35.1343830338466	-196.137108939493
48.7528490103386	35.1241642329711	-197.221315576627
49.5450190804791	35.111810236228	-198.309299570095
50.3500608787905	35.0973100214072	-199.400969387263
51.1681835540308	35.0806526337586	-200.496232331879
51.9995996533517	35.0618271874437	-201.594994468487
52.8445251775181	35.0408228680107	-202.697160545898
53.7031796370253	35.0176289359053	-203.80263392025
54.5757861091271	34.9922347310242	-204.911316478178
55.4625712957911	34.9646296783116	-206.023108560603
56.3637655825955	34.9348032943927	-207.137908887674
57.2796030985829	34.9027451952339	-208.25561448537
58.2103217770872	34.8684451048113	-209.376120614263
59.1561634175475	34.8318928647664	-210.499320700954
60.1173737483278	34.7930784450193	-211.625106272633
61.0942024905572	34.7519919553073	-212.753366895255
62.0869034230064	34.7086236576102	-213.883990115764
63.0957344480194	34.6629639794197	-215.016861408778
64.1209576585161	34.6150035278059	-216.151864128161
65.1628394060842	34.5647331042294	-217.288879463823
66.2216503701762	34.5121437200445	-218.427786404125
67.2976656284317	34.4572266126362	-219.568461704185
68.3911647281429	34.3999732621278	-220.710779860391
69.5024317588796	34.3403754085987	-221.854613091367
70.6317554262962	34.2784250697443	-222.999831325625
71.7794291271362	34.2141145589117	-224.14630219609
72.9457510254569	34.1474365034425	-225.293891041681
74.1310241300918	34.0783838632529	-226.442460916044
75.3355563733718	34.00694994958	-227.591872603573
76.5596606911257	33.9331284438254	-228.74198464275
77.8036551039804	33.8569134164241	-229.892653356866
79.0678627999826	33.7782993456694	-231.043732892111
80.3526122185618	33.6972811364245	-232.195075263008
81.6582371358593	33.613854138653	-233.346530405146
82.9850767514422	33.5280141657003	-234.497946235116
84.3334757764276	33.4397575122619	-235.649168717554
85.703784523037	33.3490809719745	-236.80004193914
87.096358995608	33.2559818545688	-237.950408189415
88.5115609830835	33.1604580025241	-239.100108048219
89.9497581530035	33.0625078071684	-240.248980479559
91.411324147025	32.9621302241695	-241.396862931672
92.8966386779935	32.8593247883645	-242.543591443069
94.4060876285923	32.7540916278801	-243.689000754276
95.9400631515933	32.6464314774949	-244.832924425024
97.4989637717387	32.5363456912022	-245.975194956587
99.0831944892768	32.4238362539312	-247.115643918989
100.69316688518	32.3089057923885	-248.25410208275
102.329299228075	32.1915575849855	-249.390399554876
103.992016582906	32.0717955708188	-250.524365918749
105.681750921366	31.9496243576736	-251.655830377589
107.398941234125	31.8250492290248	-252.784621901146
109.144033644876	31.69807615001	-253.910569375274
110.91748152624	31.5687117723555	-255.033501754029
112.719745617551	31.4369634382344	-256.153248213938
114.551294144554	31.3028391830444	-257.269638310076
116.412602941049	31.1663477370889	-258.38250213358
118.304155572517	31.0274985261552	-259.491670470246
120.226443461741	30.886301670979	-260.596974959815
122.179966016487	30.7427679855932	-261.698248255606
124.165230759241	30.5969089745585	-262.795324184099
126.182753459067	30.4487368290763	-263.888037904109
128.233058265602	30.2982644219886	-264.976226065175
130.31667784523	30.1455053016714	-266.059726964796
132.434153519466	29.9904736848304	-267.138380704143
134.586035405595	29.833184448213	-268.212029341885
136.772882559585	29.6736531192502	-269.280517045762
138.995263121335	29.5118958656473	-270.343690241554
141.253754462275	29.347929483945	-271.401397759095
143.548943335366	29.1817713870736	-272.45349097498
145.881426027535	29.0134395909279	-273.499823951641
148.251808514595	28.8429526999927	-274.540253572454
150.660706618674	28.6703298920501	-275.574639672563
153.108746168203	28.4955909020054	-276.602845165125
155.596563160508	28.318756004868	-277.624736162666
158.124803927038	28.1398459979279	-278.640182093283
160.694125301288	27.9588821821718	-279.649055811428
163.305194789433	27.7758863429824	-280.651233703019
165.958690743756	27.5908807301694	-281.646595784653
168.655302538874	27.4038880373806	-282.635025796713
171.395730750843	27.2149313809454	-283.616411290176
174.180687339161	27.0240342782026	-284.590643706941
177.010895831742	26.8312206253672	-285.557618453554
179.887091512879	26.6365146749922	-286.517234968172
182.810021614274	26.4399410130804	-287.469396780679
185.78044550917	26.2415245359052	-288.41401156588
188.799134909629	26.0412904265969	-289.350991189691
191.866874067029	25.8392641315526	-290.280251748316
194.984459975804	25.6354713367278	-291.201713600386
198.15270258051	25.429937943867	-292.115301392085
201.372424986239	25.2226900467307	-293.020944075284
204.644463672467	25.0137539073739	-293.918574918756
207.96966871037	24.8031559325329	-294.808131512561
211.348903983665	24.5909226501722	-295.689555765675
214.783047413053	24.3770806862456	-296.562793897026
218.2729911843	24.1616567417209	-297.427796420055
221.819641980022	23.9446775699167	-298.284518120972
225.423921215243	23.7261699541986	-299.132918030901
229.086765276777	23.5061606860783	-299.972959392088
232.809125766501	23.2846765437574	-300.804609618411
236.591969748576	23.061744271155	-301.627840250401
240.436280000694	22.8373905574559	-302.442626905015
244.343055269397	22.6116420172124	-303.248949220424
248.313310529557	22.3845251710318	-304.046790796056
252.348077248058	22.1560664268755	-304.83613912818
256.448403651772	21.9262920619974	-305.616985541291
260.61535499989	21.6952282055412	-306.389325115581
264.85001386067	21.4629008218177	-307.153156610777
269.153480392692	21.2293356942766	-307.908482386634
273.526872630671	20.9945584101889	-308.655308320355
277.971326775929	20.7585943460472	-309.393643721242
282.487997491571	20.5214686536946	-310.123501242846
287.078058202469	20.2832062471862	-310.844896792899
291.742701400116	20.0438317903863	-311.557849441304
296.483138952434	19.803369685301	-312.262381326458
301.300602418612	19.5618440611452	-312.958517560168
306.196343369068	19.3192787641391	-313.646286131412
311.171633710602	19.0756973480275	-314.325717809208
316.227766016838	18.8311230653145	-314.996846044825
321.366053864032	18.5855788592031	-315.659706873564
326.587832172336	18.3390873562276	-316.314338816344
331.89445755261	18.0916708595665	-316.960782781298
337.287308658869	17.8433513430188	-317.599081965582
342.76778654645	17.5941504456318	-318.229281757597
348.337315036012	17.3440894669587	-318.851429639795
353.997341083434	17.0931893629314	-319.465575092251
359.749335155743	16.8414707423272	-320.071769497157
365.594791613125	16.5889538638119	-320.670066044383
371.535229097173	16.3356586335363	-321.260519638256
377.572190925416	16.0816046032679	-321.843186805665
383.707245492279	15.8268109690344	-322.418125605635
389.941986676543	15.5712965702598	-322.985395540453
396.278034255439	15.3150798893683	-323.54505746846
402.717034325459	15.0581790518374	-324.097173518588
409.260659730011	14.8006118266764	-324.641807006717
415.910610494022	14.5423956273094	-325.179022353931
422.668614265603	14.2835475128408	-325.708885006723
429.536426764887	14.0240841896823	-326.231461359201
436.515832240166	13.7640220135202	-326.746818677345
443.608643931433	13.5033769916023	-327.255025025336
450.81670454146	13.2421647853241	-327.756149194002
458.141886714533	12.9804007130942	-328.250260631387
465.586093522959	12.7180997534597	-328.737429375467
473.151258961481	12.4552765484727	-329.21772598901
480.839348449729	12.1919454072795	-329.691221496599
488.652359342834	11.9281203099144	-330.157987323792
496.592321450336	11.6638149112811	-330.618095238437
504.661297563529	11.3990425453052	-331.071617294101
512.861383991365	11.1338162292421	-331.518625775623
521.19471110508	10.8681486681229	-331.959193146746
529.663443891659	10.6020522593273	-332.393391999825
538.269782516287	10.3355390972652	-332.821295007558
547.015962893972	10.0686209781563	-333.242974876739
555.904257270403	9.80130940489435	-333.658504303974
564.936974812303	9.53361559198193	-334.067955933335
574.116462207327	9.2655504705274	-334.471402315916
583.445104273745	8.99712469328938	-334.868915871249
592.925324579999	8.72834863976154	-335.260568850531
602.559586074359	8.45923242128516	-335.646433301641
612.350391724773	8.18978588618217	-336.026581035872
622.300285169159	7.92001862489839	-336.401083596364
632.411851376219	7.64993997515019	-336.770012228174
642.687717317021	7.37955902706548	-337.133437849942
653.130552647472	7.10888462831308	-337.491431027113
663.743070401909	6.83792538921259	-337.844061946655
674.528027697922	6.56668968781986	-338.191400393242
685.488226452662	6.29518567498108	-338.533515726848
696.626514110768	6.02342127935089	-338.870476861705
707.945784384139	5.75140421236919	-339.202352246581
719.4489780037	5.47914197319274	-339.529209846334
731.139083483417	5.20664185357643	-339.851117124694
743.019137896701	4.93391094270145	-340.168141028237
755.092227665435	4.66095613194626	-340.480347971491
767.361489361819	4.38778411959778	-340.787803823145
779.830110523258	4.11440141549941	-341.090573893322
792.501330480471	3.84081434563394	-341.388722921856
805.378441199067	3.56702905663897	-341.682315067549
818.46478813479	3.293051520253	-341.971413898364
831.763771102671	3.01888753768993	-342.256082382517
845.278845160289	2.74454274394155	-342.536382880414
859.013521505396	2.47002261200585	-342.812377137431
872.971368388112	2.19533245704089	-343.08412627746
887.156012037961	1.92047744044245	-343.351690797216
901.571137605957	1.64546257384596	-343.615130561263
916.220490122001	1.37029272305152	-343.874504797712
931.107875467831	1.09497261187168	-344.129872094586
946.237161365792	0.819506825902197	-344.381290396795
961.612278383665	0.543899816215499	-344.628817003706
977.237220955811	0.268155902977048	-344.872508567277
993.116048420934	-0.00772072101528228	-345.112421090719
1009.25288607669	-0.283725986868472	-345.348609927674
1025.65192625141	-0.559855946207455	-345.581129781862
1042.3174293933	-0.836106767864429	-345.810034707198
1059.25372517729	-1.11247473464263	-346.035378108325
1076.46521362984	-1.38895624015465	-346.257212741567
1093.95636627209	-1.66554778573461	-346.475590716261
1111.73172728159	-1.94224597742283	-346.690563496454
1129.7959146728	-2.21904752302232	-346.902181902946
1148.15362149688	-2.49594922922676	-347.110496115647
1166.80961706096	-2.77294799881795	-347.315555676253
1185.76874816716	-3.05004082793269	-347.517409491188
1205.0359403718	-3.32722480339745	-347.716105834831
1224.61619926505	-3.60449710012985	-347.911692352981
1244.51461177138	-3.88185497860639	-348.104216066568
1264.73634747115	-4.15929578239443	-348.293723375566
1285.28665994361	-4.4368169357478	-348.480260063131
1306.17088813184	-4.71441594126513	-348.66387129991
1327.39445772974	-4.99209037760902	-348.844601648537
1348.96288259165	-5.26983789728549	-349.022495068292
1370.88176616485	-5.54765622448224	-349.197594919902
1393.1568029453	-5.82554315296465	-349.36994397049
1415.79377995708	-6.10349654402826	-349.539584398649
1438.79857825585	-6.38151432450656	-349.706557799631
1462.17717445672	-6.65959448483285	-349.870905190643
1485.93564228701	-6.93773507715535	-350.032667016245
1510.08015416415	-7.21593421350365	-350.191883153825
1534.61698279929	-7.49419006400599	-350.348592919166
1559.55250282695	-7.77250085515629	-350.50283507207
1584.89319246112	-8.05086486812895	-350.654647822055
1610.64563517827	-8.32928043714121	-350.804068834102
1636.81652142781	-8.60774594786155	-350.951135234451
1663.41265037017	-8.88625983586282	-351.095883616434
1690.44093164326	-9.16482058511956	-351.23835004635
1717.90838715759	-9.44342672654778	-351.378570069362
1745.8221529205	-9.72207683658661	-351.516578715415
1774.18948089016	-10.0007695358207	-351.652410505183
1803.01774085957	-10.2795034876423	-351.786099456011
1832.31442237121	-10.5582773969514	-351.917679087876
1862.08713666287	-10.8370900088947	-352.047182429346
1892.34361864497	-11.1159401076395	-352.174642023539
1923.09172891016	-11.3948265151857	-352.300089934075
1954.3394557754	-11.6737480902097	-352.423557751015
1986.09491735737	-11.9527037269444	-352.545076596793
2018.36636368156	-12.2316923540914	-352.664677132126
2051.16217882557	-12.5107129337649	-352.782389561906
2084.49088309729	-12.7897644604669	-352.898243641067
2118.36113524851	-13.0688459600935	-353.012268680431
2152.78173472437	-13.3479564889696	-353.124493552521
2187.76162394955	-13.627095132913	-353.234946697342
2223.30989065141	-13.906261006326	-353.343656128136
2259.43577022098	-14.1854532513148	-353.450649437093
2296.14864811236	-14.4646710368342	-353.555953801031
2333.45806228101	-14.7439135578588	-353.659595987037
2371.37370566166	-15.023180034579	-353.76160235806
2409.90542868659	-15.3024697116207	-353.861998878473
2449.06324184475	-15.581781857289	-353.960811119581
2488.85731828239	-15.8611157628346	-354.058064265091
2529.29799644615	-16.1404707417422	-354.153783116533
2570.39578276886	-16.4198461290409	-354.247992098632
2612.16135439921	-16.699241280635	-354.340715264637
2654.60556197554	-16.9786555726556	-354.431976301596
2697.73943244492	-17.2580884008312	-354.521798535584
2741.57417192788	-17.5375391798788	-354.610204936876
2786.12116862977	-17.8170073429122	-354.697218125074
2831.39199579938	-18.0964923408691	-354.782860374182
2877.39841473567	-18.3759936419552	-354.867153617621
2924.15237784334	-18.6555107311063	-354.950119453203
2971.66603173802	-18.935043109466	-355.03177914804
3019.95172040202	-19.2145902938797	-355.112153643409
3069.02198839116	-19.4941518164037	-355.191263559558
3118.88958409393	-19.7737272238307	-355.269129200458
3169.56746304349	-20.0533160772286	-355.345770558507
3221.06879128343	-20.3329179514937	-355.421207319168
3273.40694878838	-20.6125324349185	-355.49545886557
3326.59553294005	-20.8921591287719	-355.568544283035
3380.64836205982	-21.1717976468929	-355.640482363571
3435.57947899875	-21.4514476152967	-355.711291610292
3491.40315478586	-21.731108671793	-355.780990241799
3548.13389233575	-22.0107804656163	-355.8495961965
3605.78643021643	-22.2904626570674	-355.917127136878
3664.37574647833	-22.5701549171659	-355.983600453703
3723.91706254568	-22.8498569273142	-356.049033270199
3784.42584717094	-23.129568378971	-356.113442446146
3845.91782045354	-23.4092889733355	-356.176844581943
3908.40895792403	-23.6890184210418	-356.239256022605
3971.9154946944	-23.9687564418616	-356.30069286172
4036.45392967605	-24.2485027644175	-356.361170945347
4102.04102986607	-24.5282571259042	-356.420705875866
4168.69383470335	-24.8080192718191	-356.479313015774
4236.42966049541	-25.0877889557012	-356.53700749144
4305.26610491711	-25.3675659388773	-356.593804196793
4375.22105158252	-25.6473499902177	-356.649717796979
4446.31267469108	-25.9271408858979	-356.704762731956
4518.55944374922	-26.2069384091692	-356.758953220043
4591.98012836868	-26.4867423501349	-356.81230326143
4666.59380314289	-26.7665525055352	-356.864826641623
4742.41985260245	-27.0463686785376	-356.916536934859
4819.47797625127	-27.3261906785343	-356.967447507463
4897.78819368447	-27.606018320946	-357.017571521163
4977.37084978937	-27.8858514270318	-357.06692193636
5058.24662003113	-28.1656898237047	-357.115511515347
5140.43651582426	-28.4455333433539	-357.163352825494
5223.9618899912	-28.7253818236712	-357.210458242376
5308.84444230989	-29.0052351074843	-357.256839952869
5395.10622515128	-29.2850930425942	-357.302509958192
5482.76964920854	-29.5649554816185	-357.347480076915
5571.85748931931	-29.8448222818393	-357.391761947919
5662.39289038254	-30.1246933050554	-357.435367033319
5754.39937337157	-30.4045684174404	-357.47830662134
5847.90084144481	-30.684447489404	-357.52059182916
5942.92158615572	-30.9643303954582	-357.562233605703
6039.4862937638	-31.2442170140878	-357.603242734405
6137.62005164795	-31.5241072276246	-357.643629835925
6237.34835482419	-31.8040009221263	-357.683405370835
6338.69711256928	-32.0838979872582	-357.722579642257
6441.69265515177	-32.3637983161793	-357.761162798471
6546.36174067274	-32.643701805432	-357.799164835484
6652.73156201742	-32.9236083548348	-357.83659559956
6760.82975391982	-33.203517867379	-357.873464789718
6870.68440014232	-33.483430249128	-357.909781960191
6982.32404077172	-33.7633454091206	-357.945556522853
7095.77767963389	-34.0432632592763	-357.980797749607
7211.07479182902	-34.3231837143044	-358.015514774746
7328.24533138904	-34.6031066916159	-358.049716597272
7447.31973905988	-34.8830321112377	-358.083412083189
7568.32895020975	-35.1629598957298	-358.116609967759
7691.3044028661	-35.4428899701054	-358.14931885773
7816.27804588329	-35.722822261753	-358.181547233526
7943.28234724283	-36.0027567003611	-358.213303451415
8072.35030248839	-36.2826932178456	-358.244595745636
8203.51544329816	-36.5626317482791	-358.275432230505
8336.81184619634	-36.8425722278226	-358.305820902483
8472.27414140595	-37.1225145946595	-358.335769642223
8609.93752184601	-37.4024587889312	-358.365286216582
8749.83775227436	-37.6824047526753	-358.394378280608
8892.01117857948	-37.9623524297654	-358.423053379495
9036.49473722303	-38.2423017658532	-358.451318950514
9183.32596483581	-38.5222527083113	-358.479182324919
9332.54300796991	-38.8022052061799	-358.506650729819
9484.18463300897	-39.0821592101127	-358.533731290033
9638.29023623969	-39.3621146723264	-358.560431029908
9794.89985408699	-39.6420715465511	-358.586756875125
9954.05417351527	-39.9220297879818	-358.612715654467
10115.794542599	-40.2019893532324	-358.638314101571
10280.1629812647	-40.4819502002907	-358.663558856653
10447.202192208	-40.7619122884742	-358.688456468208
10616.9555719872	-41.0418755783883	-358.713013394691
10789.4672222983	-41.3218400318856	-358.737236006167
10964.7819614319	-41.6018056120256	-358.761130585945
11142.9453359173	-41.8817722830368	-358.784703332192
11324.0036323556	-42.1617400102795	-358.807960359512
11508.0038894444	-42.4417087602097	-358.830907700522
11694.9939101987	-42.721678500344	-358.853551307388
11885.0222743702	-43.0016491992263	-358.875897053358
12078.1383510678	-43.2816208263947	-358.897950734256
12274.3923115841	-43.5615933523501	-358.919718069974
12473.8351424294	-43.8415667485248	-358.94120470593
12676.5186585785	-44.1215409872538	-358.962416214516
12882.4955169314	-44.4015160417452	-358.983358096518
13091.8192299941	-44.6814918860525	-359.004035782528
13304.5441797809	-44.9614684950475	-359.024454634324
13520.7256319428	-45.2414458443943	-359.044619946247
13740.4197501251	-45.5214239105236	-359.064536946544
13963.6836105594	-45.8014026706084	-359.084210798709
14190.5752168909	-46.0813821025396	-359.103646602794
14421.1535152487	-46.3613621849036	-359.122849396709
14655.4784095591	-46.6413428969595	-359.141824157504
14893.6107771092	-46.9213242186172	-359.160575802635
15135.6124843621	-47.2013061304166	-359.179109191215
15381.5464030303	-47.4812886135072	-359.197429125242
15631.4764264095	-47.7612716496282	-359.215540350821
15885.4674859778	-48.0412552210893	-359.233447559364
16143.5855682649	-48.3212393107518	-359.251155388778
16405.8977319954	-48.6012239020111	-359.268668424632
16672.4721255107	-48.8812089787788	-359.28599120132
16943.3780044733	-49.1611945254655	-359.303128203198
17218.68574986	-49.4411805269647	-359.320083865714
17498.4668862466	-49.7211669686363	-359.336862576519
17782.7941003892	-50.0011538362913	-359.35346867657
18071.7412601092	-50.2811411161766	-359.369906461211
18365.3834334835	-50.5611287949602	-359.38618018125
18663.7969083467	-50.8411168597168	-359.402294044014
18967.0592121115	-51.1211052979143	-359.418252214392
19275.2491319094	-51.4010940973996	-359.434058815874
19588.4467350599	-51.6810832463856	-359.449717931563
19906.7333898719	-51.961072733439	-359.465233605186
20230.1917867827	-52.2410625474668	-359.480609842085
20558.9059598414	-52.5210526777045	-359.495850610198
20892.9613085404	-52.8010431137044	-359.51095984103
21232.4446200022	-53.0810338453236	-359.525941430605
21577.4440915267	-53.3610248627128	-359.540799240413
21928.0493535045	-53.641016156305	-359.555537098343
22284.351492703	-53.9210077168048	-359.570158799598
22646.4430759306	-54.2009995351777	-359.584668107608
23014.4181740851	-54.4809916026393	-359.59906875492
23388.3723865936	-54.7609839106454	-359.613364444088
23768.4028662488	-55.0409764508818	-359.62755884854
24154.6083444494	-55.3209692152542	-359.64165561344
24547.0891568503	-55.6009621958781	-359.655658356538
24945.9472694296	-55.8809553850699	-359.669570669003
25351.2863049791	-56.1609487753366	-359.683396116249
25763.2115700258	-56.4409423593665	-359.697138238747
26181.8300821899	-56.7209361300197	-359.710800552829
26607.2505979881	-57.000930080319	-359.72438655147
27039.5836410885	-57.2809242034404	-359.73789970507
27478.941531024	-57.5609184927033	-359.751343462218
27925.4384123734	-57.8409129415622	-359.764721250439
28379.1902844156	-58.1209075435966	-359.778036476939
28840.315031266	-58.4009022925017	-359.791292529329
29308.9324525033	-58.6808971820794	-359.804492776341
29785.1642942919	-58.9608922062281	-359.817640568526
30269.1342810131	-59.2408873589339	-359.830739238945
30760.9681474071	-59.5208826342602	-359.843792103841
31260.7936712396	-59.8008780263382	-359.856802463303
31768.7407064977	-60.0808735293565	-359.869773601909
32284.9412171264	-60.3608691375513	-359.882708789362
32809.5293113119	-60.6408648451955	-359.895611281104
33342.6412763235	-60.920860646588	-359.908484318926
33884.4156139203	-61.200856536043	-359.921331131545
34434.9930763338	-61.4808525078779	-359.934154935186
34994.5167028358	-61.7608485564025	-359.946958934133
35563.1318568986	-62.040844675906	-359.959746321266
36140.9862639613	-62.3208408606451	-359.972520278586
36728.2300498085	-62.6008371048306	-359.98528397772
37325.015779572	-62.8808334026138	-359.998040580399
37931.4984973681	-63.1608297480729	-360.010793238934
38547.8357665772	-63.4408261351977	-360.023545096656
39174.1877107783	-63.7208225578745	-360.036299288343
39810.7170553498	-64.0008190098699	-360.04905894063
40457.5891697443	-64.2808154848141	-360.061827172386
41114.9721104521	-64.5608119761833	-360.074607095076
41783.0366646622	-64.8408084772809	-360.0874018131
42461.9563946313	-65.1208049812179	-360.100214424102
43151.9076827764	-65.4008014808928	-360.113048019259
43853.0697774986	-65.6807979689695	-360.125905683537
44565.6248397503	-65.9607944378546	-360.138790495925
45289.757990362	-66.2407908796733	-360.151705529634
46025.6573581356	-66.5207872862442	-360.164653852276
46773.5141287198	-66.8007836490516	-360.177638525995
47533.5225942805	-67.0807799592181	-360.190662607583
48305.8802039772	-67.3607762074733	-360.203729148546
49090.7876152603	-67.6407723841226	-360.216841195145
49888.4487460012	-67.9207684790134	-360.230001788393
50699.0708274704	-68.2007644814983	-360.243213964015
51522.8644581757	-68.4807603803984	-360.256480752365
52360.0436585751	-68.7607561639615	-360.269805178304
53210.8259266794	-69.0407518198202	-360.283190261028
54075.4322945582	-69.3207473349459	-360.296639013851
54954.0873857625	-69.6007426956004	-360.310154443939
55847.0194736831	-69.8807378872848	-360.323739551992
56754.4605408548	-70.1607328946847	-360.337397331872
57676.6463392252	-70.4407277016117	-360.351130770174
58613.8164514029	-70.7207222909425	-360.364942845736
59566.2143529012	-71.0007166445528	-360.378836529094
60534.0874753913	-71.2807107432471	-360.392814781863
61517.6872709868	-71.5607045666851	-360.406880556054
62517.2692775686	-71.8406980933026	-360.421036793324
63533.0931851744	-72.1206913002269	-360.435286424144
64565.4229034657	-72.4006841631879	-360.449632366895
65614.5266302906	-72.6806766564226	-360.46407752688
66680.6769213623	-72.9606687525741	-360.478624795249
67764.1507610675	-73.2406604225837	-360.493277047842
68865.2296344276	-73.5206516355761	-360.508037143927
69984.1996002273	-73.8006423587371	-360.522907924853
71121.351365333	-74.0806325571843	-360.537892212589
72276.980360217	-74.3606221938279	-360.552992808167
73451.3868157116	-74.6406112292241	-360.568212490005
74644.8758410068	-74.9205996214179	-360.583554012115
75857.7575029182	-75.2005873257767	-360.599020102193
77090.346906443	-75.4805742948124	-360.614613459578
78342.9642766211	-75.7605604779923	-360.630336753075
79615.9350417318	-76.0405458215379	-360.646192618645
80909.5899178383	-76.3205302682111	-360.662183656942
82224.2649947071	-76.6005137570855	-360.678312430706
83560.3018231247	-76.8804962233044	-360.694581461989
84918.0475036315	-77.1604775978222	-360.710993229223
86297.8547766969	-77.4404578071294	-360.727550164107
87700.0821143635	-77.7204367729608	-360.74425464832
89125.0938133745	-78.0004144119831	-360.761109010043
90573.2600898199	-78.2803906354646	-360.778115520286
92044.9571753172	-78.5603653489223	-360.795276389007
93540.5674147552	-78.8403384517466	-360.812593761022
95060.4793656281	-79.1203098368028	-360.830069711693
96605.0878989814	-79.4002793900061	-360.847706242377
98174.7943019985	-79.6802469898702	-360.865505275646
99770.0063822553	-79.9602125070267	-360.883468650248
101391.138573668	-80.2401758037144	-360.901598115809
103038.612044162	-80.5201367332354	-360.919895327265
104712.85480509	-80.8000951393772	-360.938361839016
106414.301822432	-81.0800508557984	-360.956999098776
108143.395129794	-81.3600037053746	-360.975808441137
109900.583943252	-81.6399534995039	-360.994791080799
111686.324778056	-81.9199000373679	-361.013948105486
113501.081567231	-82.1998431051471	-361.033280468518
115345.325782109	-82.4797824751852	-361.052788981033
117219.536554813	-82.7597179051032	-361.072474303844
119124.200802738	-83.039649136856	-361.09233693892
121059.813355048	-83.3195758957316	-361.112377220482
123026.877081238	-83.5994978892866	-361.132595305689
125025.903021772	-83.8794148062164	-361.152991164912
127057.410520854	-84.1593263151549	-361.173564571585
129121.927361353	-84.4392320633995	-361.194315091607
131219.98990192	-84.7191316755577	-361.215242072286
133352.143216332	-84.9990247521103	-361.236344630827
135518.941235104	-85.2789108678862	-361.257621642327
137720.946889395	-85.5587895704435	-361.279071727276
139958.732257262	-85.8386603783519	-361.300693238558
142232.878712282	-86.1185227793702	-361.32248424792
144543.977074593	-86.3983762285131	-361.34444253192
146892.627764387	-86.6782201460013	-361.366565557323
149279.4409579	-86.9580539150872	-361.38885046594
151705.036745934	-87.2378768797505	-361.411294058907
154170.045294956	-87.5176883422548	-361.433892780381
156675.107010815	-87.7974875605597	-361.456642700654
159220.872705117	-88.0772737455772	-361.479539498671
161808.003764307	-88.3570460582675	-361.502578443948
164437.172321493	-88.636803606562	-361.525754377883
167109.061431071	-88.9165454421062	-361.549061694457
169824.365246175	-89.1962705568126	-361.572494320323
172583.78919902	-89.4759778792123	-361.596045694276
175388.050184176	-89.7556662705963	-361.619708746117
178237.876744809	-90.0353345209339	-361.643475874906
181134.00926196	-90.3149813445579	-361.667338926611
184077.200146896	-90.5946053756038	-361.691289171162
187068.21403658	-90.8742051631911	-361.715317278934
190107.82799233	-91.1537791663334	-361.739413296651
193196.831701693	-91.433325748564	-361.763566622756
196336.027683605	-91.7128431722636	-361.78776598225
199526.231496888	-91.9923295926742	-361.811999401047
202768.271952128	-92.2717830515873	-361.836254179855
206062.991327	-92.5512014706876	-361.86051686765
209411.245585089	-92.8305826445393	-361.884773234754
212813.904598271	-93.1099242331975	-361.909008245604
216271.852372702	-93.3892237544292	-361.933206031231
219785.987278483	-93.6684785755249	-361.957349861548
223357.222283053	-93.9476859046873	-361.981422117493
226986.485188383	-94.2268427819756	-362.005404263119
230674.718872007	-94.5059460697902	-362.029276817729
234422.881531992	-94.7849924428801	-362.053019328129
238231.946935869	-95.0639783778525	-362.076610341135
242102.904673618	-95.3429001421701	-362.100027376444
246036.760414763	-95.6217537826145	-362.123246899992
250034.536169643	-95.900535113201	-362.146244297956
254097.270554931	-96.1792397025254	-362.168993851553
258226.01906346	-96.4578628605255	-362.191468712795
262421.854338444	-96.7363996246419	-362.213640881408
266685.866452148	-97.0148447453609	-362.235481183085
271019.163189084	-97.2931926711245	-362.25695924932
275422.870333817	-97.5714375325939	-362.278043499022
279898.131963436	-97.8495731262527	-362.298701122192
284446.110744792	-98.1275928973385	-362.318898065895
289067.988236548	-98.4054899220936	-362.338599022843
293764.965196153	-98.6832568893256	-362.357767422872
298538.261891797	-98.960886081273	-362.37636542764
303389.118419427	-99.2383693537727	-362.394353928899
308318.795024935	-99.5156981157279	-362.411692550686
313328.572431559	-99.7928633078805	-362.428339655836
318419.752172613	-100.069855380893	-362.444252357198
323593.656929628	-100.34666427275	-362.459386533996
328851.630875984	-100.623279385499	-362.473696853765
334195.040026115	-100.899689561337	-362.487136800331
339625.272590408	-101.175883058085	-362.499658708306
345143.739335856	-101.451847524067	-362.511213804614
350751.873952568	-101.727569972435	-362.521752257533
356451.133426245	-102.003036754987	-362.531223233816
362242.998416699	-102.278233535524	-362.539574964407
368128.973642531	-102.5531452628	-362.546754819308
374110.588272054	-102.827756143153	-362.552709392174
380189.396320561	-103.10204961286	-362.557384595175
386366.977054068	-103.376008310335	-362.560725764714
392644.9353996	-103.649614048244	-362.562677778547
399024.902362142	-103.92284778565	-362.563185184867
405508.535448384	-104.195689600308	-362.562192343896
412097.51909733	-104.468118661236	-362.559643582505
418793.565117918	-104.740113201703	-362.555483362358
425598.413133744	-105.011650492791	-362.549656462053
432513.831035009	-105.282706817692	-362.542108173679
439541.615437825	-105.553257446922	-362.532784514171
446683.592150963	-105.823276614649	-362.521632451782
453941.616650204	-106.092737496328	-362.508600147929
461317.57456038	-106.361612187874	-362.493637214586
468813.382145265	-106.629871686597	-362.476694987317
476430.986805415	-106.897485874139	-362.457726813937
484172.3675841	-107.16442350168	-362.436688358685
492039.535681451	-107.430652177657	-362.413537921668
500034.534976978	-107.696138358297	-362.38823677319
508159.442560561	-107.960847341218	-362.360749502465
516416.369272071	-108.224743262414	-362.331044380011
524807.460249773	-108.487789096901	-362.299093732889
533334.895487622	-108.749946663322	-362.264874331757
542000.890401625	-109.01117663282	-362.228367788509
550807.696405404	-109.271438542461	-362.189560963088
559757.60149511	-109.530690813496	-362.148446377834
568852.930843841	-109.788890774753	-362.105022637529
578096.047405719	-110.045994691415	-362.059294853077
587489.352529777	-110.301957799436	-362.011275066534
597035.286583837	-110.556734345832	-361.960982674993
606736.329588507	-110.81027763504	-361.908444850594
616595.001861483	-111.06254008153	-361.85369695375
626613.864672334	-111.313473268808	-361.796782936457
636795.520907916	-111.563028014908	-361.737755732374
647142.615748583	-111.811154444433	-361.676677630229
657657.837355421	-112.057802067159	-361.613620626907
668343.917568615	-112.302919863154	-361.548666756523
679203.632617185	-112.546456374311	-361.48190839166
690239.803840243	-112.788359802146	-361.413448512932
701455.298419972	-113.028578111625	-361.343400943011
712853.030126518	-113.267059140743	-361.271890541312
724435.96007499	-113.503750715488	-361.199053355617
736207.097494736	-113.738600769775	-361.12503672705
748169.500511155	-113.971557469852	-361.049999345027
760326.276940182	-114.202569342616	-360.974111249041
772680.585095702	-114.431585407213	-360.897553774456
785235.634610073	-114.658555309246	-360.820519439855
797994.687267976	-114.883429456822	-360.743211773881
810961.057853839	-115.106159157668	-360.665845080004
824138.115013002	-115.32669675645	-360.58864413816
837529.282126882	-115.544995771438	-360.511843842756
851138.038202375	-115.761011029592	-360.435688777137
864967.918775694	-115.974698799158	-360.360432725264
879022.516830884	-116.186016918838	-360.286338121953
893305.483733297	-116.394924922606	-360.213675443733
907820.530178184	-116.601384159265	-360.142722543006
922571.427154764	-116.805357905862	-360.073763928874
937562.006925882	-117.006811474111	-360.007089998602
952796.164023651	-117.205712309058	-359.942996224308
968277.856261248	-117.402030079229	-359.881782300032
984011.105761134	-117.59573675765	-359.823751254818
999999.999999999	-117.786806693129	-359.769208537912
 
